1465121770807 -0.0353705883026 0.0866939872503 -0.00911011639982 0.975257694721 -0.165736600757 0.146300628781 0.177260354161 0.981706082821 -0.0695137381554 -0.132103219628 0.0937270969152 0.986794829369 
1465121770828 -0.0400362350047 0.128546848893 -0.0125592341647 0.971731841564 -0.184149265289 0.147737115622 0.195572346449 0.978410959244 -0.0668093338609 -0.132244721055 0.0938140526414 0.986767590046 
1465121770858 0.0104718189687 0.0283215846866 0.00172814703546 0.973658263683 -0.173759698868 0.147638529539 0.185473680496 0.980183124542 -0.0695730820298 -0.132623791695 0.0951234698296 0.986591279507 
1465121770888 -0.0589213222265 0.00293327705003 -0.00735681364313 0.974295437336 -0.169620260596 0.14824731648 0.181451350451 0.980890393257 -0.0702092051506 -0.133505493402 0.0953041911125 0.986454963684 
1465121770910 -0.0581947341561 0.18080599606 -0.0190298333764 0.978670060635 -0.143871098757 0.146649077535 0.155974254012 0.984938383102 -0.074621476233 -0.133704438806 0.0959032922983 0.986369907856 
1465121770931 -0.0927812680602 0.188702702522 -0.0253686234355 0.979130506516 -0.140785396099 0.146570757031 0.152940571308 0.985369503498 -0.0752069726586 -0.133838310838 0.0960540547967 0.986337065697 
1465121770957 -0.111509971321 0.122295498848 -0.0239428579807 0.979268610477 -0.139798283577 0.146592825651 0.151896640658 0.985560536385 -0.074819073081 -0.134016528726 0.095534928143 0.986363351345 
1465121770978 -0.0587467700243 0.119672492146 -0.0157718546689 0.978949487209 -0.141461551189 0.147127881646 0.153489872813 0.985387265682 -0.073843345046 -0.13453194499 0.0948715433478 0.986357212067 
1465121770997 0.0318987853825 0.0790280178189 0.000827515730634 0.981883049011 -0.120380282402 0.146335795522 0.132513970137 0.98824942112 -0.0761774331331 -0.13544601202 0.0941888764501 0.986297488213 
1465121771027 0.0727592483163 -0.093165628612 0.0168724376708 0.983980119228 -0.102190777659 0.146082907915 0.114482522011 0.990330696106 -0.0783518850803 -0.136663541198 0.0938206389546 0.986164689064 
1465121771058 0.11203365773 -0.0720136091113 0.0213552247733 0.984015762806 -0.101914338768 0.146035477519 0.114195778966 0.990365982056 -0.0783231407404 -0.136646315455 0.0937478467822 0.986173987389 
1465121771087 0.112262226641 -0.0682793185115 0.0207000318915 0.983526587486 -0.106535702944 0.146032944322 0.118708491325 0.98991382122 -0.0773235559464 -0.136322304606 0.0933851227164 0.986253261566 
1465121771117 0.025420948863 -0.0795579627156 0.00815253891051 0.982227027416 -0.116934254766 0.146821722388 0.128933191299 0.988810956478 -0.0750283226371 -0.136405542493 0.0926250219345 0.986313402653 
1465121771148 0.00136415543966 0.00471953954548 -0.000391621666495 0.981209754944 -0.124489977956 0.147410273552 0.136358574033 0.987943053246 -0.0733148083091 -0.136505976319 0.0920378491282 0.986354470253 
1465121771178 -0.028772642836 -0.00984565075487 -0.00443785730749 0.979604780674 -0.135646507144 0.148237466812 0.147336483002 0.986541569233 -0.0709038451314 -0.136624589562 0.0912985503674 0.986406683922 
1465121771208 -0.113993011415 -0.085243716836 -0.0144220758229 0.975779592991 -0.159269019961 0.149958178401 0.170713111758 0.983058094978 -0.0667365044355 -0.136788547039 0.0907199531794 0.986437439919 
1465121771231 -0.19361102581 0.00349715794437 -0.0330964960158 0.973821163177 -0.17020970583 0.150667890906 0.181440651417 0.981308460236 -0.0641312524676 -0.136935934424 0.0897896662354 0.986502110958 
1465121771258 -0.458521366119 -0.0889167785645 -0.0803912132978 0.977519333363 -0.148700550199 0.149480044842 0.159843623638 0.98496979475 -0.0654581859708 -0.137499630451 0.0878800600767 0.986595630646 
1465121771287 -0.697364270687 -0.21391543746 -0.133091941476 0.978844165802 -0.139465585351 0.14971165359 0.150230690837 0.986633479595 -0.0631280839443 -0.13890632987 0.0842838287354 0.98671233654 
1465121771308 -1.13703680038 -0.299264758825 -0.257718086243 0.979850769043 -0.130503490567 0.151199564338 0.141015812755 0.988127470016 -0.0609814673662 -0.141446143389 0.0810742676258 0.986620485783 
1465121771337 -2.00445795059 0.216048538685 -0.616785168648 0.980597555637 -0.118049927056 0.156501486897 0.128457486629 0.990011096001 -0.0581103898585 -0.148078277707 0.077086687088 0.985966801643 
1465121771358 -2.43459177017 0.258695065975 -0.859938144684 0.978401005268 -0.127694532275 0.162559226155 0.137991294265 0.988978505135 -0.0536646097898 -0.153914928436 0.0749372765422 0.98523837328 
1465121771389 -2.59992861748 0.418985158205 -1.0138310194 0.977641165257 -0.127169981599 0.167468160391 0.136791422963 0.989475607872 -0.0471811592579 -0.159705638885 0.0690344497561 0.984747827053 
1465121771408 -2.77211213112 0.625899791718 -1.20307183266 0.97982108593 -0.101766385138 0.172029331326 0.111012920737 0.992800056934 -0.0449872352183 -0.166212573647 0.0631769299507 0.984063982964 
1465121771438 -3.81746864319 1.06777131557 0.195267722011 0.977314710617 -0.0960740372539 0.188748195767 0.10541614145 0.993620634079 -0.0400724336505 -0.183694154024 0.0590604767203 0.981207668781 
1465121771458 -4.09782838821 1.06403446198 0.773792266846 0.976183652878 -0.0833944305778 0.200277373195 0.0936222523451 0.994715869427 -0.0421353019774 -0.195705205202 0.0598822012544 0.978832781315 
1465121771488 -4.27088308334 0.985600054264 0.360302060843 0.969943106174 -0.106461025774 0.218806445599 0.116584040225 0.992603778839 -0.0338484793901 -0.213584572077 0.0583404414356 0.975181043148 
1465121771509 -4.56501102448 1.3297137022 0.98341345787 0.961830377579 -0.134506553411 0.238307014108 0.144532755017 0.989183425903 -0.0250279866159 -0.232362911105 0.0585158467293 0.970867335796 
1465121771535 -4.44049215317 1.44172847271 1.79427587986 0.956932008266 -0.123756363988 0.26261267066 0.136559039354 0.990146756172 -0.0309990607202 -0.256188750267 0.0655261278152 0.964403271675 
1465121771548 -3.97400975227 1.39260482788 2.18283581734 0.949455857277 -0.12260311842 0.288967311382 0.139545381069 0.989459395409 -0.0386942513287 -0.28117737174 0.0770625323057 0.956556618214 
1465121771577 -3.23227643967 1.02399790287 2.07560372353 0.935816168785 -0.130547210574 0.327422708273 0.154741019011 0.986747086048 -0.0488422960043 -0.316707164049 0.0963731333613 0.943614780903 
1465121771603 -2.89431977272 0.827193915844 1.89749777317 0.9215721488 -0.150897875428 0.357679396868 0.1809463799 0.982123970985 -0.0518752932549 -0.343457639217 0.112527623773 0.932402551174 
1465121771630 -2.5124578476 1.1692276001 3.08370947838 0.872606515884 -0.249385893345 0.41995793581 0.289811581373 0.956472694874 -0.0341955125332 -0.393150359392 0.151547878981 0.906899154186 
1465121771649 -1.6068624258 0.97559261322 3.6748251915 0.858511269093 -0.227885842323 0.45937615633 0.286307156086 0.956212282181 -0.0607142820954 -0.425425201654 0.183646589518 0.886164367199 
1465121771667 -0.362342506647 0.155896812677 4.03325271606 0.826947927475 -0.26216673851 0.497419089079 0.333402991295 0.940978348255 -0.058328486979 -0.45276877284 0.214075624943 0.86554723978 
1465121771697 0.70752286911 -0.695620238781 5.17314100266 0.765903055668 -0.327465295792 0.553316414356 0.417603313923 0.907710969448 -0.0408442467451 -0.488876312971 0.262349486351 0.83196914196 
1465121771727 1.61718332767 -1.00559127331 5.93960046768 0.69278472662 -0.37778416276 0.614270806313 0.498646199703 0.866300344467 -0.0295959711075 -0.520962059498 0.326807409525 0.788540124893 
1465121771757 2.40387606621 -1.4430038929 5.49145936966 0.596089720726 -0.44531956315 0.668107450008 0.598780095577 0.800913393497 -0.000395521521568 -0.534920036793 0.400285154581 0.744064748287 
1465121771788 3.41776275635 -2.44619369507 5.37116575241 0.518646359444 -0.471015274525 0.713547825813 0.668730974197 0.74348950386 0.00470896065235 -0.532733380795 0.474729269743 0.700590670109 
