1465120554408 -0.443391561508 0.31006065011 -0.286417990923 0.950948655605 -0.298085778952 0.0827144160867 0.292657971382 0.953526079655 0.0716907158494 -0.100240327418 -0.0439671501517 0.993991374969 
1465120554438 -1.50437164307 0.15905995667 2.15206241608 0.957868695259 -0.258387953043 0.125392183661 0.252689570189 0.965705156326 0.0596778765321 -0.136511936784 -0.0254782680422 0.99031072855 
1465120554468 -0.846955835819 0.282824069262 1.54789674282 0.957559108734 -0.234429970384 0.167699128389 0.231826514006 0.97211933136 0.0352196656168 -0.171280130744 0.00515219196677 0.985208928585 
1465120554497 0.6679469347 -0.493742972612 -0.327430099249 0.955327510834 -0.21779987216 0.199781417847 0.220391511917 0.975365698338 0.00945256650448 -0.196918696165 0.0349998325109 0.979794919491 
1465120554517 0.919349789619 -0.420918285847 -0.260163336992 0.944227159023 -0.243926912546 0.221211969852 0.24931807816 0.968414664268 0.00365942344069 -0.215117529035 0.0516968108714 0.975218832493 
1465120554540 0.999430179596 -0.458073079586 -0.247461989522 0.933100342751 -0.260904222727 0.247492820024 0.269496679306 0.963000893593 -0.000874549150467 -0.238107651472 0.067514538765 0.968889355659 
1465120554567 0.552907586098 -0.276570916176 1.65862083435 0.917739808559 -0.271198451519 0.290181159973 0.286283135414 0.958092927933 -0.00999413430691 -0.275310128927 0.0922459885478 0.956919491291 
1465120554590 1.65513312817 -0.521012365818 -0.125128954649 0.900736391544 -0.294148951769 0.319609731436 0.314080417156 0.949327349663 -0.0114515796304 -0.300045788288 0.110698021948 0.947480082512 
1465120554618 2.22053170204 -1.03209364414 0.155593395233 0.878939270973 -0.312156200409 0.360588908195 0.341202288866 0.93981564045 -0.0181004181504 -0.333236902952 0.138942912221 0.9325491786 
1465120554648 2.17611670494 -0.966813206673 0.182872444391 0.816059708595 -0.416686952114 0.400522768497 0.447117984295 0.894265413284 0.0193590968847 -0.366240352392 0.163282752037 0.916082262993 
1465120554668 1.17217111588 -0.29230427742 2.66847157478 0.766361474991 -0.478012025356 0.429178953171 0.510111868382 0.858891129494 0.0457389056683 -0.390481710434 0.183876737952 0.902060687542 
1465120554698 0.950527310371 -0.242781355977 3.13742589951 0.679188072681 -0.563286721706 0.470544099808 0.598503112793 0.796142101288 0.0891735553741 -0.424850225449 0.221056476235 0.877858996391 
1465120554727 1.18285703659 0.0699904337525 3.37205123901 0.576605558395 -0.647274374962 0.49855992198 0.683417379856 0.716510236263 0.139835655689 -0.447735279799 0.260094493628 0.85550224781 
1465120554748 1.65531170368 -0.442022025585 2.67217803001 0.552558839321 -0.651749551296 0.519520282745 0.698594272137 0.702122092247 0.137806594372 -0.454582065344 0.28678765893 0.843272209167 
1465120554769 1.85888779163 -0.816759288311 2.05599427223 0.472909629345 -0.706190526485 0.526926279068 0.753273963928 0.634272277355 0.174002677202 -0.457093834877 0.314632326365 0.831908524036 
1465120554798 1.40217733383 -0.136149734259 2.04486370087 0.416300296783 -0.720582664013 0.554485976696 0.783135592937 0.594011425972 0.183980822563 -0.461944371462 0.357646375895 0.811601102352 
1465120554820 0.985321760178 0.307413011789 2.57036304474 0.376050889492 -0.722040235996 0.580726861954 0.79866784811 0.570338964462 0.191945582628 -0.469803601503 0.391626566648 0.791146755219 
1465120554838 0.966930150986 0.461040258408 2.67269825935 0.320996433496 -0.727993547916 0.605794250965 0.81864130497 0.534912228584 0.209034249187 -0.476222366095 0.428828924894 0.767670512199 
1465120554861 1.06260490417 0.163360953331 2.55726528168 0.313782900572 -0.701397657394 0.639985740185 0.820654094219 0.539353609085 0.18874502182 -0.47756382823 0.46598187089 0.744844675064 
1465120554878 1.34335505962 -0.291431427002 2.23334527016 0.250856876373 -0.712233841419 0.655586600304 0.845177769661 0.491336375475 0.2103882581 -0.471959173679 0.501309871674 0.72521930933 
1465120554908 1.51762580872 -0.936138153076 1.67881202698 0.149892732501 -0.724400341511 0.672886550426 0.876324951649 0.412472605705 0.248839199543 -0.457806438208 0.552368044853 0.696636795998 
1465120554931 1.31552660465 -0.648570656776 1.38699603081 0.092692501843 -0.718492627144 0.689330458641 0.88849568367 0.372173368931 0.268444448709 -0.449425786734 0.58758431673 0.672875285149 
1465120554949 0.994594097137 -0.350929170847 1.73411619663 0.0656569376588 -0.693754792213 0.717212259769 0.894657969475 0.359236776829 0.265586286783 -0.441900789738 0.624222099781 0.644259631634 
1465120554978 1.06384706497 -0.911747276783 1.44279873371 0.0854978486896 -0.632084071636 0.770168721676 0.90136629343 0.378440439701 0.210526973009 -0.424533724785 0.676204502583 0.60209518671 
1465120554998 1.35271430016 -1.92645394802 -0.373048007488 -0.00676426850259 -0.638135194778 0.769894659519 0.914663672447 0.307225883007 0.262683570385 -0.404159188271 0.705971479416 0.58160084486 
1465120555018 1.16018855572 -1.58854460716 -0.590631008148 -0.0660968720913 -0.626949429512 0.776251077652 0.921600461006 0.259838044643 0.288334816694 -0.382470846176 0.734451293945 0.56062233448 
1465120555038 0.785779118538 -1.03077292442 -0.947811901569 -0.123667828739 -0.609375417233 0.783178150654 0.923091888428 0.218981653452 0.316146194935 -0.364153325558 0.762042403221 0.535428464413 
1465120555068 0.254599243402 -1.1531727314 -0.864725649357 -0.173831790686 -0.564235568047 0.807106435299 0.923473954201 0.191250398755 0.332594811916 -0.342021226883 0.803157269955 0.487811416388 
1465120555088 0.197437986732 -1.55172324181 -0.438417732716 -0.198793619871 -0.531527519226 0.823382973671 0.924673318863 0.176667422056 0.337294757366 -0.32474642992 0.828412413597 0.456368982792 
1465120555108 0.28230714798 -0.986530900002 -0.861762404442 -0.191796213388 -0.497043818235 0.846263349056 0.933134496212 0.174819275737 0.31416285038 -0.304095834494 0.849932789803 0.430279076099 
1465120555131 0.0601909980178 0.118750333786 -2.11404943466 -0.235527157784 -0.471878349781 0.849622130394 0.929537773132 0.145818859339 0.33866840601 -0.283701211214 0.86952149868 0.404284507036 
1465120555148 0.0898919776082 -0.275938868523 -1.24046647549 -0.296412467957 -0.445913374424 0.844571471214 0.916775226593 0.115023203194 0.3824827075 -0.267699450254 0.887654781342 0.374707996845 
1465120555168 -0.0929790958762 -1.11232626438 0.0644175261259 -0.335835039616 -0.416176974773 0.844992101192 0.907413601875 0.0976463928819 0.408736914396 -0.252617299557 0.904025375843 0.34485155344 
1465120555198 -0.296740859747 -0.013066987507 -1.14859080315 -0.398423403502 -0.37169033289 0.838513672352 0.890059947968 0.0640738010406 0.451317995787 -0.221477285028 0.926142990589 0.305298149586 
1465120555218 0.478808194399 0.671151638031 -2.19791984558 -0.370679438114 -0.330452859402 0.867984771729 0.907295823097 0.0709225907922 0.414468646049 -0.198522090912 0.941154062748 0.273528963327 
1465120555248 0.205310538411 -0.111867554486 -0.298452198505 -0.407362788916 -0.281018346548 0.868955910206 0.896827220917 0.0566273853183 0.438741892576 -0.172501191497 0.958030283451 0.228956967592 
1465120555278 -0.379847109318 0.135398864746 -0.483368486166 -0.469277203083 -0.237254932523 0.850581526756 0.870692670345 0.0362662374973 0.490488618612 -0.147218242288 0.970770299435 0.189557224512 
1465120555301 -0.292848408222 0.593538582325 -1.17572522163 -0.511958420277 -0.203200086951 0.834630608559 0.849202871323 0.0266791656613 0.527392327785 -0.129433423281 0.978773713112 0.158899486065 
1465120555328 -0.0806079804897 0.944414794445 -2.16405725479 -0.555634319782 -0.148177847266 0.818116009235 0.824638903141 0.0272616110742 0.565002083778 -0.106023959816 0.98858487606 0.107045739889 
1465120555351 -0.631594240665 0.573912978172 -0.287422716618 -0.526249587536 -0.112311683595 0.842880487442 0.845352888107 0.0379918143153 0.532855570316 -0.0918684601784 0.992946386337 0.0749498307705 
1465120555369 -0.807513058186 0.552546858788 -0.0408124886453 -0.525900602341 -0.0804679989815 0.846731007099 0.847034454346 0.0408192016184 0.529968321323 -0.0772083699703 0.995921015739 0.0466923266649 
