1465205239948 -0.0662419050932 0.0726214945316 0.0603596940637 0.831569314003 -0.306202054024 -0.463392615318 0.441748976707 0.870344161987 0.217620462179 0.336675196886 -0.385669738054 0.859016001225 
1465205239978 -0.0985216647387 0.00926472712308 0.0423768498003 0.835758447647 -0.296484708786 -0.462173819542 0.433403491974 0.872992813587 0.2237072438 0.33714863658 -0.387272983789 0.858108639717 
1465205239998 -0.128638893366 0.00409689592198 0.0510626472533 0.854489386082 -0.256929725409 -0.451480835676 0.395545631647 0.885201334953 0.244871988893 0.336736500263 -0.387821793556 0.858022630215 
1465205240022 -0.0587933771312 -0.0139768868685 0.0157642178237 0.855695009232 -0.254541665316 -0.450549125671 0.393385916948 0.885632991791 0.246783018112 0.336204648018 -0.388410717249 0.857964873314 
1465205240049 0.125649094582 0.0322060063481 -0.0346941053867 0.858556330204 -0.24849408865 -0.448477119207 0.387695670128 0.887040257454 0.250702500343 0.335519164801 -0.38911485672 0.857914090157 
1465205240078 0.161691099405 0.0538070686162 -0.0391647294164 0.860966801643 -0.242107003927 -0.447348177433 0.38191395998 0.888570785522 0.254133224487 0.335973113775 -0.389648795128 0.85749399662 
1465205240098 0.104414708912 0.0431344658136 -0.0209571383893 0.841938912868 -0.283381491899 -0.459166526794 0.422044157982 0.876071572304 0.233189821243 0.336181014776 -0.390120089054 0.857198119164 
1465205240118 0.0975633636117 0.0109536116943 -0.0336815938354 0.838745355606 -0.289890795946 -0.460944056511 0.428430557251 0.873800158501 0.230044215918 0.336085289717 -0.390431046486 0.857094049454 
1465205240148 0.139569178224 -0.0785161033273 -0.0951707884669 0.843186080456 -0.280779957771 -0.458475619555 0.41992944479 0.876460850239 0.235532730818 0.33570304513 -0.391125321388 0.856927335262 
1465205240169 0.25456443429 -0.103430002928 -0.156733393669 0.844948232174 -0.276824533939 -0.457635760307 0.416303992271 0.877581059933 0.237785935402 0.335787534714 -0.39143243432 0.856753885746 
1465205240194 0.320146650076 -0.152332216501 -0.211210489273 0.856925070286 -0.250134259462 -0.450679659843 0.39078861475 0.88541996479 0.2516258955 0.336100578308 -0.391745060682 0.856488287449 
1465205240212 0.305060535669 -0.12433758378 -0.191007837653 0.864751517773 -0.231035903096 -0.445900440216 0.372873425484 0.890150487423 0.261910825968 0.33640769124 -0.392752230167 0.855906188488 
1465205240229 0.684748709202 0.124936565757 -0.246827736497 0.862708330154 -0.234467312694 -0.448061853647 0.376857459545 0.888898849487 0.260455846786 0.337213248014 -0.393552869558 0.85522121191 
1465205240258 1.54434633255 0.557434797287 -0.562635362148 0.857127130032 -0.240426316857 -0.455552756786 0.38319543004 0.88862746954 0.251996666193 0.344230055809 -0.390558898449 0.853796958923 
1465205240278 1.66320490837 0.198778748512 -0.870037317276 0.843148171902 -0.259039342403 -0.471168547869 0.402692019939 0.884889245033 0.234115600586 0.35628682375 -0.387129932642 0.850405812263 
1465205240308 1.45623493195 0.143367603421 -0.800267457962 0.829321026802 -0.271581470966 -0.488333880901 0.418745338917 0.88071590662 0.221340745687 0.369971394539 -0.388050109148 0.844119906425 
1465205240329 1.4131462574 0.336973190308 -0.692422866821 0.827415049076 -0.269992142916 -0.492431432009 0.419130325317 0.880495846272 0.221488282084 0.373783707619 -0.389655649662 0.841697275639 
1465205240358 1.62451374531 0.611710846424 -0.77389895916 0.825193881989 -0.264929622412 -0.49886611104 0.416253805161 0.882225871086 0.220023617148 0.381821751595 -0.389217019081 0.838285326958 
1465205240382 1.75707840919 0.603511035442 -0.971802890301 0.81490701437 -0.27199664712 -0.511804997921 0.424665153027 0.881163656712 0.20787024498 0.394443929195 -0.386740654707 0.833573997021 
1465205240399 1.69578301907 0.415307790041 -1.10909581184 0.803964912891 -0.277350634336 -0.526039063931 0.431071043015 0.881164610386 0.19423353672 0.409656226635 -0.382917135954 0.82798320055 
1465205240429 1.04662823677 0.18581213057 -0.716939210892 0.798080265522 -0.266765236855 -0.540281534195 0.423566251993 0.886108994484 0.188155204058 0.428555071354 -0.379007995129 0.820178925991 
1465205240448 0.587231874466 0.22548058629 -0.344186514616 0.800110399723 -0.250149965286 -0.545204937458 0.410214185715 0.891322493553 0.193050995469 0.437661677599 -0.378112882376 0.815771341324 
1465205240479 0.447194546461 0.275456160307 -0.270196199417 0.81309646368 -0.193243667483 -0.549118459225 0.360287368298 0.907972991467 0.213958159089 0.457238674164 -0.371809065342 0.807892799377 
1465205240508 0.334058344364 0.121271625161 -0.332315534353 0.79896658659 -0.189625099301 -0.570696651936 0.357603371143 0.912783026695 0.197349309921 0.483499854803 -0.361758589745 0.797093749046 
1465205240528 -0.0908423736691 0.0626002550125 -0.0313897766173 0.793739438057 -0.175938025117 -0.582257270813 0.345161139965 0.918486595154 0.192992508411 0.500840783119 -0.354158341885 0.789766013622 
1465205240549 -0.565697610378 0.0774373337626 0.341858297586 0.790097773075 -0.161021068692 -0.591453790665 0.331182122231 0.924066543579 0.190838336945 0.515813708305 -0.346659898758 0.783430337906 
1465205240578 0.437377125025 -0.362177431583 1.84120368958 0.780200123787 -0.149548441172 -0.607390165329 0.317446440458 0.931332945824 0.178455933928 0.538994729519 -0.332045257092 0.774099886417 
1465205240608 0.900074422359 -0.396129786968 1.57588768005 0.782625615597 -0.08956374228 -0.616015791893 0.260656684637 0.94581246376 0.19364130497 0.56529211998 -0.312117278576 0.763562500477 
1465205240631 0.757410764694 -0.525939643383 1.60870683193 0.770882189274 -0.0906681343913 -0.630491912365 0.255690962076 0.950617671013 0.175921142101 0.58340626955 -0.296825528145 0.755997180939 
1465205240648 0.551274001598 -0.768082380295 1.78805434704 0.765912592411 -0.0648701041937 -0.639663875103 0.227425500751 0.957911252975 0.175167366862 0.601378083229 -0.27963873744 0.748429358006 
1465205240678 0.157470196486 -0.966008663177 1.97218620777 0.760759472847 -0.0127029186115 -0.648909628391 0.171896874905 0.968048453331 0.182575717568 0.625856697559 -0.250441730022 0.738635540009 
1465205240698 -0.289434492588 -0.960718214512 1.91424357891 0.756386458874 0.0155399134383 -0.653940439224 0.138999924064 0.97306740284 0.183899059892 0.639185905457 -0.229996412992 0.73385488987 
1465205240728 -0.372811853886 -0.691947817802 2.25232934952 0.751164972782 0.0662407502532 -0.656782567501 0.082544952631 0.977717280388 0.193016082048 0.654933273792 -0.199201002717 0.728959143162 
1465205240748 -0.21416400373 -0.544288277626 2.27010416985 0.742012619972 0.063614577055 -0.667360901833 0.0698747038841 0.982726335526 0.171366989613 0.666734516621 -0.17378808558 0.724750161171 
1465205240769 -0.142221480608 -0.5794506073 2.07045245171 0.732119500637 0.0896561294794 -0.675250291824 0.0327029600739 0.98553109169 0.166310742497 0.680390834808 -0.143841996789 0.718594431877 
1465205240789 -0.230125248432 -0.646158576012 1.86242437363 0.719356238842 0.116505876184 -0.684801399708 -0.00654028356075 0.986926794052 0.161036431789 0.694610536098 -0.111363776028 0.710713982582 
1465205240818 -0.534390389919 -0.721977055073 2.24754285812 0.699652194977 0.167977556586 -0.694456875324 -0.076429694891 0.98398911953 0.16100910306 0.710383951664 -0.0595732480288 0.701288640499 
1465205240838 -0.596879005432 -0.873623967171 2.27465581894 0.687594473362 0.192737087607 -0.700047433376 -0.117888569832 0.980967521667 0.154288560152 0.716460883617 -0.0235603526235 0.697229266167 
1465205240868 -0.903914153576 -0.834461569786 2.19199633598 0.673967778683 0.194080799818 -0.712811350822 -0.158765807748 0.980380892754 0.116819217801 0.721499025822 0.0344376824796 0.691558539867 
1465205240889 -0.931277811527 -1.00588929653 1.93311345577 0.662778139114 0.202633187175 -0.720877885818 -0.193428456783 0.976346731186 0.0966045707464 0.72340208292 0.0754109025002 0.686296343803 
1465205240908 -1.09275817871 -1.06328487396 1.6374861002 0.654651284218 0.195072859526 -0.730327486992 -0.218195796013 0.973770499229 0.0645108371973 0.723755717278 0.117122277617 0.680044233799 
1465205240931 -2.43772983551 -0.712601602077 -0.238344058394 0.643635451794 0.20875184238 -0.736312508583 -0.254305392504 0.965751647949 0.0515032187104 0.721846282482 0.154098913074 0.674678742886 
1465205240958 -2.27062964439 -0.887582063675 -0.274156421423 0.633484065533 0.217117339373 -0.742669641972 -0.295869469643 0.954853057861 0.0267771333456 0.714954078197 0.202770367265 0.669122457504 
1465205240982 -2.29607748985 -0.879559099674 -0.211313292384 0.623557269573 0.236933276057 -0.745009303093 -0.333881855011 0.942397236824 0.0202558636665 0.706894040108 0.236114412546 0.666746497154 
1465205241009 -2.25648260117 -0.782066643238 -0.163306936622 0.608076393604 0.252541750669 -0.752639174461 -0.382528245449 0.923943221569 0.000967040657997 0.695640146732 0.287317752838 0.658432424068 
1465205241038 -1.67848956585 -0.754654228687 -0.452689260244 0.578984081745 0.271695941687 -0.768738389015 -0.436144411564 0.899815797806 -0.0104643851519 0.688879847527 0.341339677572 0.639477670193 
1465205241059 -1.40793704987 -0.514749765396 -0.513149857521 0.569912612438 0.260061383247 -0.7794662714 -0.457178384066 0.888571023941 -0.0378062725067 0.682779252529 0.377901434898 0.625302255154 
1465205241085 -1.24908447266 -0.508244991302 -0.43503844738 0.567084491253 0.24383699894 -0.786739289761 -0.47442394495 0.877509117126 -0.0699968785048 0.673303067684 0.412942111492 0.613303899765 
1465205241108 -1.05682098866 -0.442983865738 -0.360888212919 0.554420888424 0.241366103292 -0.79646718502 -0.513980507851 0.852001667023 -0.099586263299 0.654554545879 0.464581251144 0.596424937248 
1465205241138 -0.873327076435 -0.236305102706 -0.34531390667 0.538240194321 0.241854637861 -0.80734372139 -0.554246366024 0.823230743408 -0.122891277075 0.634908258915 0.51361232996 0.577142894268 
1465205241169 -0.773978888988 0.0693481191993 -0.353600531816 0.534942746162 0.2188372612 -0.81605553627 -0.577849566936 0.799409747124 -0.164419963956 0.616381466389 0.559512555599 0.554093420506 
1465205241188 -0.776157557964 0.259947687387 -0.31770080328 0.526247560978 0.216174051166 -0.822394311428 -0.601400315762 0.778352379799 -0.180236935616 0.601149976254 0.589437365532 0.539613127708 
1465205241218 -1.00904786587 0.655192494392 -0.278534173965 0.527172327042 0.203778982162 -0.824962615967 -0.628714978695 0.746648907661 -0.217330798507 0.571670055389 0.633237242699 0.521731555462 
1465205241248 -0.932312786579 0.971550345421 -0.457223415375 0.517136156559 0.201123461127 -0.831937193871 -0.661514997482 0.710698008537 -0.239387392998 0.54310965538 0.674134850502 0.50057387352 
1465205241268 -0.790883183479 1.26708197594 -0.732563912868 0.525587320328 0.176138415933 -0.832305967808 -0.667074501514 0.692498505116 -0.274694979191 0.527986288071 0.69958627224 0.4814658463 
1465205241288 -0.880125463009 1.40757918358 -0.743270277977 0.528157532215 0.155490249395 -0.834788799286 -0.675187468529 0.673076272011 -0.301811158657 0.514947891235 0.723042845726 0.460475414991 
1465205241318 -0.513573646545 1.16748404503 -0.549567639828 0.541683495045 0.114456295967 -0.832753658295 -0.677364826202 0.646070420742 -0.351809322834 0.497750729322 0.754647374153 0.427494376898 
1465205241338 -0.0210585705936 1.03432893753 -0.602017521858 0.552817583084 0.0847364962101 -0.828982770443 -0.676342487335 0.626754403114 -0.386962264776 0.486778765917 0.774595856667 0.403791755438 
1465205241359 -0.012597980909 1.16462051868 -0.7197894454 0.550929069519 0.0695970132947 -0.831645011902 -0.68665766716 0.604174137115 -0.404320299625 0.474318921566 0.793807208538 0.380646407604 
1465205241389 -0.211325421929 1.35045421124 -0.893958568573 0.552244305611 0.0475428923965 -0.832325637341 -0.699253439903 0.570041179657 -0.431390464306 0.453950285912 0.820239424706 0.348046511412 
1465205241418 -0.0736814662814 0.933409512043 -0.185918301344 0.561204135418 0.0233925227076 -0.827346801758 -0.704568982124 0.538035988808 -0.462709277868 0.434318393469 0.84259724617 0.318429678679 
1465205241439 -0.023865737021 0.941463530064 -0.370094269514 0.570223689079 0.00477981986478 -0.821475446224 -0.705992937088 0.514136373997 -0.487070441246 0.420022398233 0.857695102692 0.296547293663 
1465205241468 -0.00899739935994 1.08720564842 -0.992554843426 0.590352058411 -0.0276954434812 -0.806670546532 -0.701912343502 0.475810736418 -0.530022084713 0.398501694202 0.879111647606 0.261456102133 
1465205241488 0.199160709977 0.999980330467 -1.31245708466 0.583425045013 -0.0365500748158 -0.811344087124 -0.715003728867 0.450700342655 -0.534451663494 0.385207355022 0.891926646233 0.236816436052 
1465205241509 0.139391154051 0.931483507156 -1.45601952076 0.590398311615 -0.0549203939736 -0.805241286755 -0.715952396393 0.424957901239 -0.553915917873 0.372614920139 0.903545498848 0.211574077606 
1465205241538 0.124446980655 0.822100102901 -1.61885035038 0.585428535938 -0.0711605921388 -0.807594954967 -0.72924643755 0.389012634754 -0.562910974026 0.354221731424 0.918479859829 0.175845459104 
1465205241558 0.151809766889 0.704058766365 -1.76642513275 0.568114578724 -0.0744331181049 -0.819576501846 -0.74838578701 0.367501348257 -0.552142679691 0.342293143272 0.92703962326 0.153078138828 
1465205241579 0.155826956034 0.573041558266 -1.87665081024 0.590517044067 -0.0966003611684 -0.801222741604 -0.736062288284 0.342620462179 -0.583800911903 0.330910712481 0.934494316578 0.131219357252 
1465205241608 -0.507272660732 -1.3699451685 -1.80179619789 0.573606967926 -0.102864660323 -0.812646210194 -0.755730450153 0.316245734692 -0.573463201523 0.315984994173 0.943084001541 0.103662803769 
1465205241638 -0.265122115612 -1.61356937885 -1.7676564455 0.608167290688 -0.131067216396 -0.78291374445 -0.732345044613 0.287891447544 -0.617081344128 0.306273311377 0.94865167141 0.0790997296572 
1465205241658 -0.275894910097 -1.56882739067 -1.70318984985 0.607550859451 -0.140714854002 -0.781716883183 -0.735057294369 0.273298203945 -0.620482742786 0.300952970982 0.951581537724 0.0626090466976 
1465205241688 0.00435183849186 0.351861983538 -2.04251885414 0.637623131275 -0.168159887195 -0.751770675182 -0.711694955826 0.244908630848 -0.658414840698 0.294834047556 0.954851806164 0.036480858922 
1465205241709 0.278750538826 0.206657677889 -1.89548909664 0.64405721426 -0.18454824388 -0.742382824421 -0.70613026619 0.229839235544 -0.669741630554 0.294228345156 0.955570936203 0.0177145209163 
1465205241739 0.599304556847 -0.00792162306607 -1.969145298 0.669800698757 -0.215573176742 -0.710559844971 -0.680059194565 0.206125468016 -0.703585028648 0.298138529062 0.954484462738 -0.00853955745697 
1465205241759 0.693441927433 -0.0116085316986 -1.56330907345 0.671298086643 -0.229347780347 -0.704811036587 -0.676642715931 0.198481425643 -0.709055662155 0.302512198687 0.952892839909 -0.0219463054091 
1465205241779 0.736291050911 -0.0138442367315 -1.2526447773 0.672996938229 -0.242930620909 -0.698612689972 -0.672465324402 0.192353665829 -0.714695990086 0.30800229311 0.950781166553 -0.0339090079069 
1465205241808 0.89007806778 -0.121860817075 -1.12789463997 0.687312841415 -0.269428253174 -0.67454379797 -0.652975022793 0.177582398057 -0.736266255379 0.318158090115 0.946505606174 -0.0538752712309 
1465205241828 1.24486839771 -0.365941822529 -1.21052706242 0.698630213737 -0.288094907999 -0.65491771698 -0.636944413185 0.166522875428 -0.752709805965 0.325910627842 0.943011939526 -0.0671625286341 
1465205241849 1.26149809361 -0.346701055765 -0.89326184988 0.684970617294 -0.297436952591 -0.665091276169 -0.648028314114 0.16848513484 -0.742746293545 0.332978248596 0.939757466316 -0.0773402228951 
1465205241878 1.25480079651 -0.26995998621 -0.436482667923 0.683612108231 -0.311646461487 -0.659962892532 -0.64588457346 0.162754267454 -0.74588483572 0.339864134789 0.936155676842 -0.0900268703699 
1465205241908 0.695141673088 -0.128109917045 -0.499512702227 0.683139503002 -0.324694186449 -0.654136180878 -0.644981861115 0.151858836412 -0.748957633972 0.342518538237 0.93354845047 -0.105681098998 
1465205241928 0.43075710535 -0.0251617673784 -0.311081677675 0.671021401882 -0.330232977867 -0.663834631443 -0.656644105911 0.151085615158 -0.738912463188 0.34430912137 0.931729197502 -0.115463837981 
