1465063360778 -0.156641930342 0.337845116854 -0.0598351694643 0.0 0.0 0.0 0.0 0.0 0.0 0.0 0.0 0.0 
1465063360814 -0.387931972742 0.175167948008 -0.0767667517066 0.875992953777 -0.464564263821 -0.129677608609 0.480930894613 0.861719727516 0.161692410707 0.0366292446852 -0.204007402062 0.978283822536 
1465063360828 -0.636790454388 0.155590608716 -0.0505139119923 0.894478976727 -0.42537355423 -0.137712344527 0.444121301174 0.88085848093 0.163843333721 0.0516104698181 -0.207715407014 0.9768268466 
1465063360858 -0.739146053791 0.192169994116 -0.029637625441 0.931982576847 -0.333749204874 -0.141491830349 0.355317801237 0.918377757072 0.174159660935 0.0718172937632 -0.212588340044 0.974499106407 
1465063360878 -0.849846839905 0.258352428675 0.00599468313158 0.945429086685 -0.290347397327 -0.147858738899 0.31429952383 0.932312726974 0.17890958488 0.0859046429396 -0.215618252754 0.972691655159 
1465063360908 -0.882362544537 0.273334294558 0.0221819933504 0.959847331047 -0.230892777443 -0.159316003323 0.2589366436 0.94770783186 0.186552196741 0.107911482453 -0.220314383507 0.969441473484 
1465063360928 -0.823120892048 0.241538822651 0.0183141548187 0.951191425323 -0.250329405069 -0.180471688509 0.28203099966 0.942543447018 0.179081335664 0.125273093581 -0.221239238977 0.967139959335 
1465063360948 -0.715068995953 0.178073853254 -0.00230973609723 0.95323741436 -0.230205431581 -0.195815846324 0.265143156052 0.94795691967 0.176285848022 0.14504301548 -0.219961509109 0.964665412903 
1465063360968 -0.684644281864 0.301915585995 0.0286977756768 0.955543577671 -0.207188144326 -0.209784507751 0.244955688715 0.953847110271 0.173702180386 0.16411331296 -0.217367917299 0.962194383144 
1465063360998 -0.990356206894 0.462887346745 0.129857122898 0.96201390028 -0.159971356392 -0.221220463514 0.200527071953 0.963936448097 0.174973025918 0.185251772404 -0.212687164545 0.959398806095 
1465063361018 -0.83574873209 0.568431198597 0.131919056177 0.968347728252 -0.107543319464 -0.225249052048 0.149887770414 0.972137272358 0.180229917169 0.199590459466 -0.208287298679 0.957486331463 
1465063361048 -0.684736788273 0.526894569397 0.102631904185 0.966054975986 -0.0849529206753 -0.243968784809 0.129355952144 0.976536095142 0.172175139189 0.22361753881 -0.197889477015 0.95437669754 
1465063361078 -0.594901561737 0.514343559742 0.084938749671 0.964882493019 -0.0439699031413 -0.258975833654 0.0895314961672 0.981907069683 0.166861176491 0.246953308582 -0.184187918901 0.951361596584 
1465063361108 -0.613797843456 0.342174053192 0.0786705091596 0.961698055267 -0.0111272782087 -0.273885071278 0.0569080747664 0.985510408878 0.159783571959 0.268138676882 -0.16924983263 0.948396682739 
1465063361128 -0.740441381931 0.207926154137 0.112010300159 0.959558069706 0.0367501117289 -0.279101699591 0.00913258641958 0.986856520176 0.161340251565 0.281362622976 -0.157364249229 0.946610510349 
1465063361157 -0.670005679131 0.0693667083979 2.24718618393 0.954403340816 0.0628645047545 -0.291825532913 -0.0194019004703 0.988570868969 0.149502947927 0.297888666391 -0.137024179101 0.944715201855 
1465063361178 -0.515418887138 0.185613304377 2.285135746 0.949096024036 0.0955226868391 -0.300153613091 -0.0543489009142 0.988278090954 0.142662450671 0.310262769461 -0.119087338448 0.943162322044 
1465063361208 -0.0766261816025 0.116323180497 1.96156013012 0.940785586834 0.0931457653642 -0.325954496861 -0.0589132010937 0.99180316925 0.11338263005 0.333843827248 -0.0874657258391 0.938561677933 
1465063361231 0.00123372476082 -0.0145287662745 1.6136174202 0.933850109577 0.109845615923 -0.340379059315 -0.0807116776705 0.991843998432 0.0986462384462 0.348438829184 -0.0646482333541 0.935099482536 
1465063361258 -0.298551976681 -0.0429775007069 1.7800693512 0.925615012646 0.132512658834 -0.354509949684 -0.113765925169 0.990798950195 0.0733123794198 0.360962927341 -0.0275278836489 0.932173788548 
1465063361279 -0.574593186378 -0.189197659492 1.65702521801 0.92198497057 0.133639216423 -0.363434165716 -0.124369293451 0.991030156612 0.0489053465426 0.366709858179 0.000110058121209 0.930335402489 
1465063361298 -1.29898798466 -0.124392412603 -0.355553269386 0.919948101044 0.122070856392 -0.372551172972 -0.124126829207 0.992092847824 0.018562246114 0.371871232986 0.029167290777 0.927826046944 
1465063361328 -1.29854643345 -0.435964077711 -0.328184425831 0.909384429455 0.155494123697 -0.385799705982 -0.170955270529 0.985261201859 -0.00586245581508 0.379202008247 0.0712857320905 0.92256385088 
1465063361357 -1.34781718254 -0.57875084877 -0.28078481555 0.898588120937 0.171405896544 -0.403929829597 -0.20414352417 0.978161215782 -0.0390621125698 0.38841304183 0.117560423911 0.913955569267 
1465063361388 -1.25490748882 -0.679454386234 -0.261521011591 0.885068297386 0.193082809448 -0.423524677753 -0.244399279356 0.967158138752 -0.0698151513934 0.396135270596 0.165300309658 0.903190255165 
1465063361408 -1.31745862961 -0.773336708546 -0.20852227509 0.88245087862 0.179150089622 -0.434954762459 -0.246128946543 0.963815152645 -0.10237646848 0.400875270367 0.197397172451 0.894613623619 
1465063361438 -1.41944658756 -0.670185089111 -0.169910937548 0.875993311405 0.173344269395 -0.450097262859 -0.262947142124 0.953948318958 -0.144365414977 0.404344588518 0.244814917445 0.88123267889 
1465063361468 -1.35681498051 -0.715379536152 -0.153846889734 0.873074173927 0.164533436298 -0.4589882195 -0.274860560894 0.943600654602 -0.184579491615 0.402732104063 0.287309378386 0.869057118893 
1465063361488 -1.30684757233 -0.686288058758 -0.156788140535 0.871154487133 0.158055052161 -0.464874714613 -0.282297611237 0.935875535011 -0.210820227861 0.401743620634 0.314889997244 0.859910666943 
1465063361508 -1.23438072205 -0.63780939579 -0.165201082826 0.870793402195 0.145735576749 -0.46955293417 -0.284033149481 0.928675413132 -0.238510161638 0.401302844286 0.341061681509 0.850078165531 
1465063361538 -1.03435742855 -0.268114060163 -0.310271084309 0.865166306496 0.147409498692 -0.479330331087 -0.303319513798 0.914982795715 -0.266089260578 0.399354994297 0.375601768494 0.836324572563 
1465063361568 -1.28703892231 -0.0271730944514 -0.350544810295 0.860106348991 0.15091650188 -0.487279474735 -0.323298424482 0.900161445141 -0.291869044304 0.394582360983 0.408575117588 0.823025643826 
1465063361599 -1.21793806553 0.0351337194443 -0.399805516005 0.855804681778 0.157367393374 -0.492781758308 -0.344629138708 0.883863449097 -0.316253483295 0.385783791542 0.440478146076 0.810647845268 
1465063361628 -1.06506919861 0.015650043264 -0.419126540422 0.862543344498 0.13233064115 -0.488372445107 -0.334859997034 0.872877895832 -0.354898750782 0.379325509071 0.469651907682 0.797207176685 
1465063361658 -0.874801337719 -0.292534440756 -0.275115966797 0.867192327976 0.107850134373 -0.486154049635 -0.325698018074 0.861339390278 -0.389891326427 0.376693814993 0.496450185776 0.782073557377 
1465063361678 -0.617570638657 -0.333887785673 -0.181102931499 0.869415283203 0.0974924638867 -0.484367758036 -0.324623644352 0.851762533188 -0.411241889 0.37247338891 0.514777302742 0.772183835506 
1465063361708 -0.412895590067 -0.150527790189 -0.20275194943 0.86674696207 0.106738209724 -0.487192571163 -0.345770299435 0.832573473454 -0.43274050951 0.359433680773 0.543533265591 0.758537471294 
1465063361729 -0.458765953779 0.0111473258585 -0.183126032352 0.861798226833 0.118998616934 -0.493095517159 -0.36642280221 0.81825363636 -0.442939460278 0.35076802969 0.562405884266 0.748773336411 
1465063361758 -0.314041107893 -0.0518304891884 -0.0595089308918 0.867612719536 0.100715443492 -0.486933916807 -0.360302478075 0.802218079567 -0.47605484724 0.342681109905 0.588474690914 0.732302606106 
1465063361788 -0.155026897788 -0.277951449156 0.201623886824 0.880774497986 0.0616530328989 -0.469505161047 -0.331567674875 0.788168549538 -0.518510520458 0.338081419468 0.612363636494 0.714640974998 
1465063361808 -0.11522153765 -0.210519880056 0.274845182896 0.896430015564 0.0136700216681 -0.442974239588 -0.287041902542 0.779458940029 -0.556821882725 0.337668538094 0.626304149628 0.702654361725 
1465063361828 0.211293563247 0.0158073361963 0.0767229571939 0.903336167336 -0.0202270764858 -0.428456127644 -0.259986758232 0.768665552139 -0.58443158865 0.341160774231 0.639331102371 0.689104616642 
1465063361857 0.550691843033 -0.264003485441 0.245478883386 0.90625846386 -0.0535607710481 -0.419317007065 -0.237556174397 0.755965709686 -0.609985768795 0.349660605192 0.652416169643 0.6723767519 
1465063361887 0.715410113335 -0.486423045397 0.373313963413 0.909942209721 -0.073213532567 -0.408221662045 -0.22173820436 0.745919167995 -0.628041923046 0.350481569767 0.662000238895 0.662509143353 
1465063361909 0.260185450315 -1.42335188389 -1.29526638985 0.910323917866 -0.0832675173879 -0.405434280634 -0.215777918696 0.740430057049 -0.636555850506 0.353200167418 0.666955709457 0.656063854694 
1465063361937 0.396633028984 -1.25436091423 -2.34468913078 0.917574048042 -0.147839441895 -0.369054615498 -0.150816470385 0.729462504387 -0.667187392712 0.367848098278 0.667853415012 0.647039234638 
1465063361958 0.724949479103 -0.916560232639 -2.08905291557 0.917752325535 -0.198316380382 -0.34409481287 -0.099747672677 0.723533213139 -0.683044731617 0.3844229877 0.661188542843 0.644242703915 
1465063361978 2.53629755974 -0.601993322372 -0.0046161157079 0.913913547993 -0.245135366917 -0.323528498411 -0.0542492568493 0.716131985188 -0.695853412151 0.402267366648 0.653501033783 0.641184329987 
1465063362007 2.45769500732 -0.016956249252 -0.518845319748 0.907495379448 -0.261453956366 -0.328776448965 -0.0471646785736 0.714315712452 -0.698232471943 0.417405813932 0.649149358273 0.635906815529 
1465063362028 2.16999292374 0.45129558444 -0.822507202625 0.905543327332 -0.258944243193 -0.336063981056 -0.0522835105658 0.717978894711 -0.694098353386 0.421019673347 0.646106898785 0.636622548103 
1465063362058 2.04834771156 0.635023713112 -0.980805635452 0.903884351254 -0.285293191671 -0.318748831749 -0.0202518105507 0.715754628181 -0.698058128357 0.427297204733 0.637419104576 0.641181707382 
1465063362078 1.37331521511 -0.153555214405 0.199447676539 0.902623832226 -0.297858387232 -0.310725897551 -0.00308677554131 0.717398107052 -0.69665658474 0.430419147015 0.629778027534 0.646621227264 
1465063362108 1.3979203701 -0.242993429303 0.199341878295 0.902383208275 -0.307396233082 -0.302013516426 0.0120511054993 0.718560636044 -0.695360004902 0.43076595664 0.623841583729 0.65212148428 
1465063362128 1.59452724457 0.0994265899062 -0.260258406401 0.902004539967 -0.313426762819 -0.296903342009 0.0184436142445 0.715058684349 -0.69882106781 0.431332528591 0.624863743782 0.650766849518 
1465063362157 1.3391700983 0.722135841846 -0.707609593868 0.901886701584 -0.330106377602 -0.278621822596 0.041337326169 0.70799189806 -0.705009639263 0.429990142584 0.624321341515 0.65217423439 
1465063362178 1.13638818264 0.583081424236 -0.464334249496 0.901549935341 -0.334153413773 -0.27486205101 0.0478948354721 0.708430826664 -0.704153239727 0.430015981197 0.621664881706 0.654690027237 
1465063362198 1.23498892784 0.00801876373589 -0.0682421848178 0.896836876869 -0.371214956045 -0.240588873625 0.0940288901329 0.69141805172 -0.716309726238 0.432252377272 0.619790673256 0.654994189739 
1465063362218 1.22702765465 0.0238631796092 -0.130792945623 0.893633246422 -0.387706845999 -0.226059898734 0.113246485591 0.682199776173 -0.722342550755 0.434275120497 0.619908809662 0.653542816639 
1465063362238 0.913616597652 0.336829930544 -0.210401847959 0.895378410816 -0.381638199091 -0.229455396533 0.107053548098 0.684641122818 -0.720975756645 0.432246506214 0.6209821105 0.653868615627 
1465063362268 0.763514697552 0.408438414335 -0.205707669258 0.898454785347 -0.376124083996 -0.226516485214 0.104590237141 0.684394717216 -0.721571028233 0.426426947117 0.624607503414 0.654236614704 
1465063362298 0.373919963837 0.307785928249 0.130191802979 0.89962464571 -0.379170686007 -0.216575995088 0.111194685102 0.678551256657 -0.726088166237 0.422269254923 0.629124641418 0.652603149414 
1465063362328 0.189509600401 0.20154453814 0.321509331465 0.89323091507 -0.415291339159 -0.172254160047 0.161775320768 0.654347002506 -0.738687038422 0.419484436512 0.631951749325 0.651666939259 
1465063362348 0.0502136088908 0.176623880863 0.416149258614 0.879369676113 -0.4620629251 -0.114921249449 0.227748572826 0.620146036148 -0.750699400902 0.418138355017 0.633969008923 0.650571763515 
1465063362378 -0.108142271638 0.254302769899 0.438187718391 0.87473911047 -0.474491328001 -0.0984354913235 0.243711978197 0.60632365942 -0.756951928139 0.41885086894 0.638145506382 0.646014213562 
1465063362408 -0.0883924216032 0.0398721396923 0.454898148775 0.859192490578 -0.508606851101 -0.0557437352836 0.28997322917 0.573801338673 -0.765942275524 0.421549290419 0.641927659512 0.640488147736 
1465063362428 -0.201306715608 -0.217353880405 0.540714085102 0.861465871334 -0.504106998444 -0.0612604916096 0.281263172626 0.574095785618 -0.768963754177 0.422809362411 0.645205616951 0.636350572109 
1465063362457 -0.187141805887 -0.208012163639 0.355616778135 0.845500707626 -0.533566355705 -0.0208664368838 0.320782184601 0.538782298565 -0.778981685638 0.426880896091 0.651935994625 0.626699447632 
1465063362478 0.297784894705 -0.355158597231 0.131428062916 0.842309236526 -0.538709998131 -0.0175134763122 0.321515232325 0.528258860111 -0.785856604576 0.432600408792 0.656303405762 0.618160784245 
1465063362498 0.542463898659 -0.398765802383 -0.037182148546 0.835923790932 -0.548779368401 -0.00852528121322 0.328312367201 0.51242607832 -0.793492674828 0.439820915461 0.660500407219 0.608520150185 
1465063362518 0.517475247383 -0.390463471413 -0.0266299769282 0.815830290318 -0.577300429344 0.0338407084346 0.368984609842 0.474598169327 -0.799128890038 0.445276677608 0.664440214634 0.600206494331 
1465063362538 0.625185787678 -0.311142027378 -0.208631008863 0.81490200758 -0.578601777554 0.0339787900448 0.365179419518 0.467025607824 -0.805314183235 0.450087338686 0.668660581112 0.591873645782 
1465063362568 0.687687516212 -0.265408754349 -0.341478943825 0.806722998619 -0.588881194592 0.0491620488465 0.373834192753 0.444149315357 -0.814235329628 0.457652568817 0.67524087429 0.578449428082 
1465063362598 0.472100287676 -0.489412844181 0.0936084613204 0.794964134693 -0.602125942707 0.0740032121539 0.390569120646 0.414638668299 -0.821906685829 0.464206665754 0.682289659977 0.56479460001 
1465063362618 0.451595276594 -0.721027851105 0.332782119513 0.765700995922 -0.629722714424 0.130963727832 0.439618349075 0.363755196333 -0.821229696274 0.469508111477 0.686390280724 0.555365264416 
1465063362648 0.768437564373 -0.620355665684 -0.110672153533 0.742942154408 -0.647350907326 0.170216783881 0.466669172049 0.318641602993 -0.825037717819 0.479850798845 0.692390203476 0.53883099556 
1465063362668 1.03824257851 -0.637236058712 -0.462455421686 0.725978314877 -0.658646464348 0.197839140892 0.484340250492 0.285444021225 -0.827004313469 0.488231509924 0.696208655834 0.526235163212 
1465063362688 1.13240623474 -0.746920108795 -0.516533613205 0.711754858494 -0.666971445084 0.220349952579 0.496973454952 0.256461709738 -0.829002380371 0.49640956521 0.699554562569 0.514004945755 
1465063362718 1.0630248785 -0.753845691681 -0.441070556641 0.692413687706 -0.674547374249 0.256025493145 0.515890419483 0.214796736836 -0.829288542271 0.504401028156 0.706291854382 0.496720761061 
1465063362738 0.892646193504 -0.470982611179 -0.533450186253 0.683124065399 -0.674953520298 0.278889209032 0.52706849575 0.191318124533 -0.828007340431 0.505509912968 0.712625563145 0.486440747976 
1465063362758 0.766729414463 -0.310705184937 -0.543963074684 0.697758495808 -0.665281236172 0.265582412481 0.508202791214 0.198455423117 -0.838060498238 0.504839658737 0.719733536243 0.476571708918 
1465063362778 0.762792110443 -0.189111024141 -0.739035606384 0.701213181019 -0.659715354443 0.270325392485 0.502682447433 0.188610032201 -0.843644917011 0.505579352379 0.72746270895 0.463883131742 
1465063362808 0.629274010658 -0.239085242152 -0.4709392488 0.690048575401 -0.656861007214 0.303918629885 0.514860212803 0.150376856327 -0.843982040882 0.508676588535 0.738864243031 0.441958963871 
1465063362837 0.405582726002 -0.353158056736 0.0528612397611 0.674224078655 -0.654850900173 0.341456234455 0.534450829029 0.113548308611 -0.837537527084 0.509690344334 0.747179448605 0.426542550325 
1465063362859 0.301024824381 -0.299932062626 0.13552083075 0.66476970911 -0.651551127434 0.365462094545 0.547309398651 0.0918024033308 -0.831880331039 0.508462190628 0.75302952528 0.417627453804 
1465063362888 -0.0599260628223 0.267886906862 -0.184026971459 0.684242367744 -0.638643920422 0.352060168982 0.523657679558 0.094295963645 -0.846694111824 0.507538199425 0.76370292902 0.398952126503 
1465063362918 -0.00157119485084 0.0625191479921 0.0562652759254 0.708112418652 -0.624121129513 0.330226808786 0.488667786121 0.0955789089203 -0.867218852043 0.50968682766 0.775459527969 0.37266844511 
1465063362939 -0.0296129025519 0.00216002762318 0.1970821172 0.706686139107 -0.617283701897 0.34576818347 0.488802433014 0.0726258307695 -0.86936622858 0.511533856392 0.783381342888 0.353053420782 
1465063362968 0.0519387163222 -0.0540291145444 0.179489850998 0.714864730835 -0.603283524513 0.353577822447 0.478349268436 0.0530785322189 -0.876564025879 0.510049343109 0.795758545399 0.32652425766 
1465063362988 0.0719381347299 -0.0351760163903 0.130804166198 0.715723693371 -0.592913210392 0.369044214487 0.480030447245 0.0338420569897 -0.876598954201 0.507257819176 0.804554998875 0.308837920427 
1465063363018 -0.0411221385002 0.0812033861876 0.166623264551 0.728730142117 -0.577047884464 0.368738621473 0.465664446354 0.0227575749159 -0.884668707848 0.502104580402 0.816393136978 0.285294800997 
1465063363048 0.0845762267709 -0.0331065915525 0.224759757519 0.740574240685 -0.56147891283 0.369176506996 0.453232705593 0.0117546916008 -0.891314744949 0.49611479044 0.827407598495 0.263185799122 
1465063363068 0.109646514058 0.0233101490885 0.0656371712685 0.74260622263 -0.550720632076 0.38110730052 0.455236911774 -0.00229470431805 -0.890367388725 0.491218179464 0.834686458111 0.249004274607 
1465063363098 -0.178460240364 0.307973474264 0.0444897525012 0.753507494926 -0.532681882381 0.385326296091 0.448485434055 -0.0120751708746 -0.893708407879 0.480715215206 0.846229314804 0.229801341891 
1465063363119 -0.404870837927 0.500876665115 -0.00749919656664 0.752864003181 -0.518855333328 0.404950499535 0.459493517876 -0.026167422533 -0.887795507908 0.471233963966 0.854461431503 0.218710154295 
1465063363148 -0.530093431473 0.508884310722 0.350868552923 0.774667739868 -0.502018332481 0.384535372257 0.436807870865 -0.0149042606354 -0.899431347847 0.457262247801 0.864728569984 0.207739710808 
1465063363178 -0.277094066143 0.353051811457 0.291896611452 0.778995573521 -0.48659580946 0.395462393761 0.440791487694 -0.0235795080662 -0.897299766541 0.445947080851 0.873308956623 0.196118950844 
1465063363208 -0.245088428259 0.375204175711 0.157215535641 0.788705408573 -0.468958199024 0.397519886494 0.436712920666 -0.0277242362499 -0.899173557758 0.432695716619 0.882785081863 0.182933837175 
1465063363228 -0.256471693516 0.364729464054 0.235940620303 0.791802883148 -0.455723524094 0.406650066376 0.442115306854 -0.031712025404 -0.896397471428 0.421405076981 0.889556348324 0.176372647285 
1465063363258 0.0187555532902 0.139797613025 0.486346870661 0.811431825161 -0.435651957989 0.389596790075 0.423978000879 -0.0200421661139 -0.905450582504 0.402269750834 0.899891972542 0.168444022536 
1465063363278 -0.00977452099323 0.191194117069 0.4229144454 0.819454908371 -0.42081797123 0.389109045267 0.422098070383 -0.016160145402 -0.906406104565 0.387720048428 0.907001137733 0.164383947849 
1465063363299 -0.380131244659 0.473974853754 0.216487154365 0.830429017544 -0.406850397587 0.380605250597 0.413599044085 -0.00749443471432 -0.910428225994 0.373260557652 0.913464009762 0.162049368024 
1465063363328 -0.263131588697 0.430617421865 0.139815568924 0.839603245258 -0.388184010983 0.379972994328 0.411427944899 -0.0022826641798 -0.911439418793 0.354673564434 0.921579062939 0.157793223858 
1465063363357 0.150952786207 0.191359832883 0.168617710471 0.847470104694 -0.370577573776 0.380087643862 0.409529358149 0.000839948654175 -0.91229647398 0.337757349014 0.928801119328 0.152474224567 
1465063363378 -0.244140774012 0.406769007444 0.107203900814 0.854298055172 -0.357934713364 0.376905113459 0.405539035797 0.005410797894 -0.914061665535 0.325135111809 0.933730900288 0.149778977036 
1465063363407 -0.681527853012 0.639883935452 -0.0860780179501 0.864103257656 -0.34101575613 0.370180815458 0.398208200932 0.0133839175105 -0.917197346687 0.307824283838 0.939962267876 0.147360354662 
1465063363428 -0.532678604126 0.593851089478 -0.33374363184 0.874071419239 -0.331843554974 0.354794323444 0.382877409458 0.021060205996 -0.923559010029 0.29900509119 0.94309926033 0.145463526249 
1465063363458 0.08832783252 0.301074147224 -0.349144428968 0.877576172352 -0.322082996368 0.355137348175 0.382874727249 0.0249804183841 -0.9234623909 0.288560062647 0.946381807327 0.145239666104 
1465063363488 -0.616257369518 0.472254306078 0.316135704517 0.889451086521 -0.310847222805 0.335038423538 0.365971535444 0.0453222543001 -0.929521679878 0.273754537106 0.949378609657 0.154073163867 
1465063363518 -1.13313257694 0.583266198635 0.408245414495 0.901971995831 -0.300109326839 0.310452640057 0.344823181629 0.0678820610046 -0.936209857464 0.259891182184 0.95148640871 0.164712384343 
1465063363548 -0.51555365324 0.374324768782 0.326878964901 0.922204077244 -0.28978446126 0.256055951118 0.293147236109 0.0920405238867 -0.95162665844 0.252199083567 0.952656030655 0.169829651713 
1465063363568 -0.352901667356 0.319566220045 0.165884286165 0.934114336967 -0.282416522503 0.218337878585 0.257388263941 0.10904481262 -0.960135698318 0.247349560261 0.953074038029 0.174550995231 
1465063363598 -0.951176822186 0.488792330027 0.0548436976969 0.950433731079 -0.267895162106 0.157822355628 0.2008112818 0.141355022788 -0.969377875328 0.237382695079 0.953021943569 0.188144952059 
1465063363618 -0.85509210825 0.408207297325 0.149943560362 0.950746893883 -0.264043956995 0.162361010909 0.207074195147 0.151276707649 -0.966558694839 0.230652570724 0.952573478222 0.19850255549 
1465063363638 -0.323800504208 0.103957258165 0.587280929089 0.953067719936 -0.259781599045 0.155484572053 0.202676042914 0.16594094038 -0.965083479881 0.2249096632 0.951302886009 0.210804462433 
1465063363668 -0.674921810627 0.15243524313 0.637555718422 0.958654105663 -0.251583784819 0.132996112108 0.184128478169 0.192033469677 -0.963960468769 0.216977089643 0.948593020439 0.230417400599 
1465063363688 -0.8452937603 0.172075688839 0.588664412498 0.964068412781 -0.243094086647 0.107132427394 0.16078004241 0.212894693017 -0.963755965233 0.211475461721 0.946351468563 0.244329720736 
1465063363718 -0.960810780525 0.0953730791807 0.719298899174 0.97491979599 -0.220222562551 0.0321436598897 0.0885615423322 0.251379460096 -0.963828325272 0.204176515341 0.942502200603 0.264578104019 
1465063363738 -0.922937810421 0.0106246350333 0.794769465923 0.979068756104 -0.20250877738 -0.0203623492271 0.0371774435043 0.276305407286 -0.960350573063 0.200105637312 0.939492166042 0.278050720692 
1465063363768 -1.06896781921 -0.136610373855 1.0137244463 0.980655133724 -0.177571550012 -0.0823640301824 -0.0234898887575 0.310977786779 -0.950126886368 0.194328904152 0.933681547642 0.300790816545 
