1465980000619 -0.491834253073 -0.025906631723 0.0468766689301 0.902578115463 0.430490225554 -0.00555115006864 -0.428381592035 0.896722495556 -0.111256301403 -0.0429169125855 0.102795526385 0.993776261806 
1465980000642 -0.130260780454 -0.0223907139152 0.027140552178 0.898030281067 0.439841032028 -0.00901907868683 -0.438205420971 0.892499387264 -0.106868080795 -0.0389554463327 0.0999229922891 0.994232356548 
1465980000668 0.533532142639 -0.0706703960896 -0.0502155125141 0.892606914043 0.450598090887 -0.0146355098113 -0.449713289738 0.887626051903 -0.0993872135878 -0.0317928306758 0.0952955037355 0.994941174984 
1465980000698 -0.209470435977 -0.290574938059 0.046297352761 0.863739848137 0.503490149975 -0.0212390646338 -0.503207266331 0.859452426434 -0.0901337787509 -0.027127513662 0.0885397940874 0.995703220367 
1465980000729 -1.34510147572 -0.374875038862 0.0763847976923 0.851000189781 0.524635076523 -0.0235947538167 -0.524658977985 0.847348570824 -0.0820576921105 -0.02305736579 0.0822103098035 0.996348261833 
1465980000748 -1.29635810852 -0.439844608307 0.0806922242045 0.846353173256 0.531911492348 -0.0275032538921 -0.532329201698 0.843047261238 -0.0767915844917 -0.0176597833633 0.0796335935593 0.996667802334 
1465980000778 -1.18343651295 -0.406208187342 0.0779227986932 0.836838006973 0.546531796455 -0.0317038334906 -0.547339320183 0.8340960145 -0.0685828998685 -0.0110386945307 0.0747455358505 0.997141599655 
1465980000799 -1.22443020344 -0.272595524788 0.0718355551362 0.825323879719 0.563733756542 -0.0323224179447 -0.564553081989 0.822703182697 -0.0666287317872 -0.0109691126272 0.0732380002737 0.997254192829 
1465980000828 -1.5214818716 -0.145169854164 0.0570596903563 0.809251964092 0.586187779903 -0.0386664383113 -0.587399184704 0.806451201439 -0.067813180387 -0.00856865849346 0.0775905847549 0.996948480606 
1465980000850 -1.64685761929 -0.38646197319 0.0605944655836 0.800472617149 0.597891390324 -0.0420661456883 -0.599339783192 0.797761380672 -0.0660968795419 -0.00596001604572 0.0781206488609 0.996926128864 
1465980000878 -1.83763742447 -0.384952127934 0.0360956341028 0.785872578621 0.616845786572 -0.043653845787 -0.618384480476 0.783651471138 -0.0590851455927 -0.00223701726645 0.0734282508492 0.997297942638 
1465980000900 -1.65517938137 -0.350300163031 0.0419759526849 0.755435287952 0.653225779533 -0.0511227250099 -0.655216157436 0.753485023975 -0.0543313063681 0.00302960141562 0.0745402276516 0.997213363647 
1465980000928 -1.02233982086 0.180995047092 0.0294072106481 0.730677247047 0.679505288601 -0.0662073269486 -0.682647168636 0.728599190712 -0.0560023039579 0.0101847480983 0.0861158519983 0.996233105659 
1465980000950 -0.534113168716 0.126415461302 0.0259938072413 0.712307155132 0.698093771935 -0.0726887136698 -0.701773047447 0.710083901882 -0.0574063323438 0.0115400860086 0.0919019207358 0.99570119381 
1465980000979 -0.558202266693 0.268850654364 0.00637313118204 0.695373237133 0.714741051197 -0.0748414769769 -0.71854019165 0.693297624588 -0.0551212802529 0.0124899744987 0.0921064764261 0.995670795441 
1465980001008 -0.412160784006 0.214124619961 0.00736038899049 0.666609168053 0.740629851818 -0.0842600911856 -0.74510371685 0.665293812752 -0.0469553247094 0.0212812013924 0.0940833389759 0.995336890221 
1465980001038 0.385230690241 0.149701848626 -0.0347659885883 0.6301202178 0.770583927631 -0.0956495851278 -0.775985717773 0.629381000996 -0.0415412150323 0.0281890425831 0.100398674607 0.994547903538 
1465980001058 0.869309008121 0.131259456277 -0.0874160379171 0.597957789898 0.795373976231 -0.0991302505136 -0.801075160503 0.597186923027 -0.0405749119818 0.0269270539284 0.103672854602 0.994246840477 
1465980001088 0.473651021719 -0.045692935586 -0.0120767178014 0.587693452835 0.802796602249 -0.100668080151 -0.808757483959 0.586424171925 -0.0449211746454 0.0229716263711 0.107815936208 0.993905365467 
1465980001109 0.25851303339 -0.16136457026 0.0189494695514 0.587076961994 0.803019702435 -0.102468453348 -0.809158205986 0.58592748642 -0.0441778004169 0.0245634540915 0.10884898901 0.99375474453 
1465980001137 0.0533649325371 -0.54417693615 0.0545553267002 0.597309350967 0.795790016651 -0.0996984541416 -0.801659226418 0.596097409725 -0.0448369607329 0.0237491875887 0.106705725193 0.994006991386 
1465980001158 -0.284499108791 -0.586425960064 0.0644913241267 0.619855582714 0.778928101063 -0.0951315388083 -0.784478247166 0.618080198765 -0.0507002137601 0.019307103008 0.106055438519 0.994172692299 
1465980001178 -0.695068359375 -0.606530785561 0.0472621954978 0.58111768961 0.80791926384 -0.097818993032 -0.813676059246 0.579059183598 -0.0512018799782 0.0152759989724 0.109347313643 0.993886232376 
1465980001198 -1.14675426483 -0.587873101234 0.00332748005167 0.582177579403 0.806735992432 -0.101223833859 -0.812947928905 0.579649686813 -0.0558742620051 0.0135985780507 0.114818446338 0.993293404579 
1465980001228 -1.35561037064 -0.214909881353 -0.0509660393 0.54049962759 0.83481836319 -0.104587264359 -0.841301679611 0.537530362606 -0.0572061426938 0.00846209004521 0.118909336627 0.992869019508 
1465980001248 -1.2826063633 0.0668665841222 -0.0790148451924 0.525940239429 0.844235599041 -0.10321418196 -0.850518643856 0.52236956358 -0.0612219572067 0.00223018974066 0.119984671474 0.992773234844 
1465980001268 -1.11390709877 0.178657561541 -0.0782319754362 0.544284760952 0.832686781883 -0.101915203035 -0.838897883892 0.539948284626 -0.0686009377241 -0.00209415331483 0.122834905982 0.9924249053 
1465980001301 -1.35740053654 -0.267379194498 -0.0869825333357 0.526815772057 0.843922555447 -0.10129071027 -0.849975407124 0.522691845894 -0.0658403560519 -0.00262033543549 0.120780348778 0.99267578125 
1465980001328 -2.18830442429 -0.419193655252 -0.293872833252 0.481083273888 0.871116757393 -0.0985620170832 -0.876663029194 0.477442085743 -0.059253230691 -0.00455882772803 0.114911414683 0.993365287781 
1465980001358 -1.45443570614 0.0411071963608 -0.138257876039 0.472001940012 0.875798642635 -0.100950241089 -0.881597399712 0.468832463026 -0.0546096153557 -0.00049827247858 0.114773318172 0.993391633034 
1465980001378 -0.421919465065 0.251536816359 0.00565156852826 0.457006841898 0.883206546307 -0.105313703418 -0.889461398125 0.454030007124 -0.0521077513695 0.00179367151577 0.117486067116 0.993072926998 
1465980001408 -0.249687701464 0.451296776533 -0.0102130863816 0.494107425213 0.862950623035 -0.105707034469 -0.869393646717 0.489945828915 -0.0640904158354 -0.0035161410924 0.123568594456 0.992329776287 
1465980001438 -0.887058913708 0.197966173291 -0.0700735598803 0.521061658859 0.847367763519 -0.102286159992 -0.853448748589 0.515726983547 -0.0751713365316 -0.0109460344538 0.126464918256 0.991910636425 
1465980001460 -0.795677602291 0.208920180798 -0.05999661237 0.519875586033 0.848062038422 -0.102568157017 -0.854190707207 0.51476752758 -0.0732986032963 -0.00936300307512 0.125718906522 0.992021679878 
1465980001488 -0.447144716978 0.305786699057 -0.0187750756741 0.489466488361 0.865340292454 -0.107744462788 -0.872001469135 0.484852522612 -0.0673172175884 -0.00601212261245 0.126902833581 0.991896927357 
1465980001518 -0.052835226059 0.727488696575 -0.0491936542094 0.44681507349 0.887578725815 -0.112073160708 -0.894517183304 0.441284120083 -0.0714655667543 -0.0139752104878 0.132183253765 0.991126716137 
1465980001538 0.589271783829 0.768634557724 -0.0170184094459 0.454682856798 0.883494377136 -0.112698823214 -0.890482723713 0.448465645313 -0.0769340395927 -0.0174292474985 0.135336965322 0.9906463027 
1465980001561 0.752415776253 0.882641196251 -0.0441897921264 0.436724483967 0.892088711262 -0.115972362459 -0.899355888367 0.429990530014 -0.0791656151414 -0.0207557361573 0.138873964548 0.990092515945 
1465980001579 0.528799414635 0.731531322002 -0.0352370515466 0.414645493031 0.902384877205 -0.117348320782 -0.909628272057 0.407422542572 -0.0811372101307 -0.0254066381603 0.140386536717 0.989770710468 
1465980001599 1.26491487026 0.502790033817 0.0335185937583 0.40282985568 0.907898306847 -0.115969188511 -0.914916753769 0.395882725716 -0.0787669122219 -0.0256021507084 0.137831807137 0.990124702454 
1465980001628 1.87556064129 0.433072835207 0.0171005446464 0.386279046535 0.914832115173 -0.117774069309 -0.922169148922 0.380285799503 -0.0706178098917 -0.0198156367987 0.135885775089 0.99052631855 
1465980001648 1.39069950581 0.504146456718 0.0203897673637 0.406366050243 0.905900895596 -0.119207009673 -0.913442254066 0.39961373806 -0.0770211443305 -0.0221367646009 0.140187472105 0.989877462387 
1465980001668 1.11220777035 0.626652061939 -0.0109591372311 0.429574519396 0.89518815279 -0.118758998811 -0.902676999569 0.421992987394 -0.0842371508479 -0.0252926405519 0.143387183547 0.98934340477 
1465980001688 1.05208480358 0.579541742802 -0.0115681178868 0.450628846884 0.885057210922 -0.116650253534 -0.892316162586 0.442679643631 -0.0883545801044 -0.026560164988 0.143904045224 0.989235162735 
1465980001718 0.65680706501 0.241859123111 0.0413866452873 0.466578304768 0.877086699009 -0.114121578634 -0.884059548378 0.458480656147 -0.0907429605722 -0.0272669009864 0.143228963017 0.989313900471 
1465980001738 0.371452867985 0.0639700219035 0.0561426989734 0.493941515684 0.862638533115 -0.108978390694 -0.869072914124 0.485904127359 -0.0927849784493 -0.0270868521184 0.14054055512 0.989704251289 
1465980001758 0.11778408289 -0.158692866564 0.0735192745924 0.497125506401 0.861112833023 -0.106540754437 -0.867362618446 0.489870458841 -0.0878005027771 -0.0234149713069 0.136057332158 0.990424156189 
1465980001788 0.338071137667 -0.22945009172 0.097164593637 0.474345892668 0.873380243778 -0.110467292368 -0.880271852016 0.469015032053 -0.0717393755913 -0.0108449310064 0.131270512938 0.99128729105 
1465980001818 -0.0884654521942 -0.537406265736 0.0974108725786 0.415960282087 0.901536464691 -0.11920183897 -0.909331738949 0.410959482193 -0.0650237351656 -0.00963414460421 0.135441303253 0.990738511086 
1465980001848 -1.59495449066 -0.785042881966 -0.129579111934 0.440130800009 0.890668690205 -0.113992534578 -0.897640407085 0.433182239532 -0.0812101215124 -0.0229517687112 0.138067364693 0.990156888962 
1465980001868 -1.65789234638 -0.406024038792 -0.194963052869 0.413852900267 0.903409719467 -0.11214530468 -0.909964084625 0.406972408295 -0.0796152502298 -0.026285149157 0.134997218847 0.990497231483 
1465980001888 -0.830512225628 -0.406092196703 -0.00721155712381 0.442580729723 0.889815211296 -0.111136093736 -0.896501302719 0.43626588583 -0.0771861821413 -0.0201965495944 0.133794769645 0.990803301334 
1465980001918 0.386944741011 0.293232530355 0.00529794208705 0.453619539738 0.882887363434 -0.121405273676 -0.891047418118 0.446833997965 -0.0798354297876 -0.0162376910448 0.144392773509 0.989387154579 
1465980001938 0.581248342991 0.336680740118 -0.0120168570429 0.458858519793 0.879421174526 -0.126756474376 -0.888227105141 0.450425505638 -0.0903849676251 -0.022392116487 0.154062449932 0.987807393074 
1465980001969 -1.39101481438 -0.580292880535 -0.0890601798892 0.450790941715 0.883382618427 -0.128150433302 -0.892062783241 0.440723121166 -0.0999348312616 -0.0318018347025 0.159367978573 0.986706912518 
1465980001989 -2.77184987068 -0.504916965961 -0.550809681416 0.389005422592 0.912208020687 -0.128651887178 -0.920618116856 0.379823446274 -0.0905345231295 -0.0337213203311 0.153657659888 0.987548589706 
1465980002019 -2.22270655632 -0.47216206789 -0.358919888735 0.391971558332 0.911427557468 -0.125132501125 -0.919482767582 0.383660823107 -0.0857654958963 -0.0301605947316 0.148674815893 0.988426029682 
1465980002038 -0.714032590389 -0.553086578846 0.0482213683426 0.402098655701 0.906298100948 -0.130155295134 -0.915133595467 0.393295347691 -0.0885953679681 -0.0291043408215 0.15473356843 0.987527370453 
1465980002059 -0.515152871609 0.0114746578038 -0.00721065280959 0.387190967798 0.911666154861 -0.137651965022 -0.921340346336 0.376932799816 -0.0951513051987 -0.0348606817424 0.163666009903 0.985899686813 
1465980002078 -0.669952452183 0.145547226071 -0.0829594954848 0.427977979183 0.893650710583 -0.134993448853 -0.902789711952 0.415686637163 -0.110341891646 -0.0424921438098 0.169094577432 0.984683394432 
1465980002108 -0.559105813503 -0.140583723783 -0.0195395443588 0.415079802275 0.899396061897 -0.137096226215 -0.908912777901 0.403349757195 -0.105766162276 -0.0398279428482 0.168509930372 0.984894990921 
1465980002128 0.186360120773 -0.171651214361 0.111718535423 0.407968044281 0.902648925781 -0.137065976858 -0.912325263023 0.39729321003 -0.0991000756621 -0.0349971912801 0.165478393435 0.985592246056 
1465980002158 1.22701048851 -0.333742797375 0.215105965734 0.415605515242 0.899093329906 -0.137489661574 -0.908895492554 0.404824793339 -0.100129187107 -0.0343662537634 0.16657795012 0.985429167747 
1465980002178 1.49621033669 0.0591473430395 0.158444792032 0.400781542063 0.905317127705 -0.140623569489 -0.915433824062 0.389545500278 -0.101169154048 -0.0368108935654 0.169278308749 0.984880626202 
1465980002208 1.60311937332 0.342791140079 0.10690511018 0.428146749735 0.893672287464 -0.134313926101 -0.902742564678 0.416066139936 -0.109292566776 -0.0417882613838 0.168044149876 0.984893321991 
1465980002239 0.344912499189 0.031998693943 0.091012597084 0.469986319542 0.874428510666 -0.120364807546 -0.881338477135 0.457393795252 -0.118463613093 -0.0485338456929 0.161758393049 0.985636234283 
1465980002258 0.796206533909 -0.362486213446 0.19068133831 0.462429136038 0.878986179829 -0.116372339427 -0.885441362858 0.450932592154 -0.112486980855 -0.0463984273374 0.155058145523 0.986815154552 
1465980002288 2.13751244545 -0.262952983379 0.17456074059 0.446202844381 0.887701511383 -0.11352982372 -0.894077718258 0.436634272337 -0.099877782166 -0.0390906482935 0.146070241928 0.988501608372 
1465980002309 1.67412185669 0.0765308141708 0.151699155569 0.454240113497 0.884117782116 -0.109551921487 -0.890044569969 0.445048451424 -0.0987542122602 -0.0385544523597 0.142364218831 0.98906314373 
1465980002338 0.262322098017 -0.0400800816715 0.106124825776 0.499743431807 0.860224068165 -0.10134640336 -0.865031778812 0.489650905132 -0.10937166214 -0.0444597788155 0.142325609922 0.988820910454 
1465980002359 0.332255214453 -0.270147889853 0.133396342397 0.509548485279 0.854984819889 -0.0967542305589 -0.859217464924 0.499599277973 -0.110208556056 -0.0458882935345 0.13928951323 0.989187896252 
1465980002389 2.1288189888 -0.284358143806 0.10264390707 0.563759744167 0.821440815926 -0.0860815048218 -0.825098454952 0.555418789387 -0.103549033403 -0.037248108536 0.12940248847 0.990892231464 
1465980002418 2.20233440399 0.00647707795724 0.0580112226307 0.589612305164 0.803282618523 -0.0842270180583 -0.806717395782 0.580587863922 -0.110111445189 -0.039549421519 0.132870495319 0.990343987942 
1465980002440 1.02520143986 -0.03262815997 0.147202536464 0.621663749218 0.779237926006 -0.0795140489936 -0.781681835651 0.610697031021 -0.126580968499 -0.0500776879489 0.140845477581 0.988764286041 
1465980002468 -0.00867247860879 0.14187592268 0.0639396160841 0.649226546288 0.757138490677 -0.0724309012294 -0.758735716343 0.638041496277 -0.131236970425 -0.0531506463885 0.140158429742 0.988701462746 
1465980002492 1.02717447281 0.00627732696012 0.0838393494487 0.666458964348 0.74207597971 -0.0718029215932 -0.744467437267 0.657236754894 -0.11750831455 -0.0400085747242 0.131769418716 0.990472733974 
1465980002519 2.12761926651 -0.109539277852 -0.0784175917506 0.673607110977 0.735735952854 -0.0703288763762 -0.7382132411 0.665122628212 -0.112486563623 -0.0359830781817 0.127689450979 0.991161227226 
1465980002542 0.63749319315 -0.346616119146 0.102336741984 0.671380341053 0.738005161285 -0.0677997469902 -0.739398121834 0.660798311234 -0.12898004055 -0.0503859780729 0.13672567904 0.989326655865 
1465980002568 -0.638539910316 -0.217669934034 0.036594633013 0.691749572754 0.719072878361 -0.0664588809013 -0.719653785229 0.678818285465 -0.145959630609 -0.059842094779 0.14879488945 0.987055718899 
1465980002598 0.506013274193 -0.172961726785 0.07172165066 0.709118902683 0.702371954918 -0.0618390738964 -0.703011214733 0.697576761246 -0.138426661491 -0.0540894977748 0.141634523869 0.988440155983 
