1465137601300 -0.1595928967 0.0474282354116 -0.0248867124319 0.862703979015 -0.489965677261 0.125201746821 0.461875021458 0.864219486713 0.199489951134 -0.205945014954 -0.11427321285 0.971868515015 
1465137601321 -0.195930019021 0.0180093105882 -0.0360966436565 0.867495596409 -0.480389356613 0.129140973091 0.452200651169 0.869733631611 0.197680950165 -0.207282081246 -0.113089725375 0.97172254324 
1465137601349 -0.344049155712 -0.0274052545428 -0.0760435983539 0.860121965408 -0.493430733681 0.12929238379 0.464582949877 0.862457334995 0.200823515654 -0.210601627827 -0.112665645778 0.971057772636 
1465137601370 -0.366851180792 0.0174212772399 -0.0777600184083 0.857873260975 -0.497168987989 0.129909560084 0.467554777861 0.860091149807 0.204048752785 -0.213180780411 -0.114308126271 0.97030287981 
1465137601399 -0.371356129646 -0.120163582265 -0.0974511280656 0.863341093063 -0.48649096489 0.134047612548 0.455695897341 0.865730285645 0.207008257508 -0.216756686568 -0.117633797228 0.96911239624 
1465137601420 -0.441428154707 -0.141232505441 -0.120903111994 0.864912629128 -0.483023107052 0.136436328292 0.451551377773 0.867500662804 0.208671569824 -0.219151809812 -0.118874646723 0.96842199564 
1465137601449 -0.547040879726 -0.0257643479854 -0.140168979764 0.866952717304 -0.477608501911 0.142418831587 0.44492328167 0.870439827442 0.210660353303 -0.224580183625 -0.119267113507 0.967129290104 
1465137601469 -0.322874456644 0.351020246744 -0.0416804067791 0.865586578846 -0.478628665209 0.147222220898 0.444531947374 0.869790792465 0.214138329029 -0.230545282364 -0.119910299778 0.965645074844 
1465137601493 -0.142214328051 0.175638273358 -0.0114860497415 0.859539628029 -0.488468110561 0.150301471353 0.452448278666 0.864057183266 0.220670938492 -0.23765976727 -0.121671780944 0.963697969913 
1465137601510 -0.222300261259 0.161218330264 -0.0370534770191 0.860041320324 -0.486299276352 0.15440826118 0.448355913162 0.864759802818 0.226202100515 -0.24352799356 -0.125313296914 0.961764335632 
1465137601539 -0.731236755848 0.706574141979 -0.162691518664 0.853965103626 -0.496358245611 0.156115978956 0.455754965544 0.858289659023 0.235852360725 -0.2510599792 -0.130259037018 0.959167063236 
1465137601569 -1.1010235548 0.915318608284 -0.31934517622 0.860198915005 -0.480811059475 0.169937431812 0.437230914831 0.866876244545 0.239489018917 -0.262463659048 -0.131706267595 0.955911278725 
1465137601591 -1.21126568317 0.716252505779 -0.399738639593 0.854234278202 -0.489424884319 0.175348654389 0.443580597639 0.862052261829 0.245157629251 -0.271145910025 -0.131640791893 0.953493893147 
1465137601619 -3.37503266335 0.989218711853 1.72435081005 0.853598177433 -0.485093176365 0.189880982041 0.436245381832 0.864867627621 0.248382568359 -0.284710615873 -0.12918420136 0.949869096279 
1465137601641 -3.62258315086 1.64915168285 1.45957231522 0.854710280895 -0.476252377033 0.206528455019 0.426580250263 0.871096432209 0.24335244298 -0.295803368092 -0.119894884527 0.947694897652 
1465137601659 -3.33011484146 1.77948439121 0.719777047634 0.842141151428 -0.493873357773 0.216535106301 0.444531023502 0.863097429276 0.239697724581 -0.305271178484 -0.105602763593 0.946391820908 
1465137601689 -3.35641360283 1.30945110321 -0.0452398471534 0.838555932045 -0.491905927658 0.234206289053 0.444330334663 0.866237521172 0.228480368853 -0.315269082785 -0.0875286087394 0.944957256317 
1465137601710 -3.20075297356 1.67569041252 0.321184933186 0.822985112667 -0.514747202396 0.240272700787 0.467339605093 0.853968977928 0.228759154677 -0.322938531637 -0.0759764015675 0.943365335464 
1465137601740 -2.84506654739 1.26472461224 1.57574415207 0.827684640884 -0.487905114889 0.277284353971 0.442597538233 0.871302127838 0.211990177631 -0.345029592514 -0.0527356490493 0.93710911274 
1465137601761 -2.59359002113 1.03638255596 1.9016815424 0.817784011364 -0.489356100559 0.302919119596 0.445119976997 0.87143266201 0.206090867519 -0.36482539773 -0.0337024629116 0.930465757847 
1465137601790 -2.15122795105 0.746607124805 2.00071287155 0.787093877792 -0.514891326427 0.339661628008 0.473382979631 0.857254266739 0.202542588115 -0.395463854074 0.001369997859 0.91848051548 
1465137601811 -1.52504527569 0.372781038284 2.13886928558 0.764165043831 -0.530270218849 0.367240190506 0.492884397507 0.847303986549 0.19784066081 -0.416073024273 0.029824025929 0.908841907978 
1465137601839 -0.5662586689 -0.383387625217 2.34318971634 0.72087842226 -0.563086211681 0.404064565897 0.532650053501 0.823136091232 0.196801841259 -0.443416535854 0.0733548104763 0.89330893755 
1465137601860 0.0682677775621 -0.936090171337 2.39177131653 0.712916135788 -0.550115287304 0.434883624315 0.530854523182 0.828582406044 0.177889198065 -0.458196520805 0.104039885104 0.882740914822 
1465137601882 0.744497954845 -1.246530056 2.53248667717 0.670553863049 -0.586859762669 0.453820616007 0.573431253433 0.798133730888 0.184822008014 -0.470674157143 0.136301830411 0.87171536684 
1465137601900 1.26567435265 -1.73207139969 2.60478043556 0.643285512924 -0.596643686295 0.479791581631 0.594872236252 0.784007191658 0.177369102836 -0.481986224651 0.171315714717 0.859267294407 
1465137601921 1.51898980141 -1.94674932957 2.79343724251 0.615729808807 -0.601836800575 0.508595407009 0.614471495152 0.770799875259 0.16820307076 -0.493256062269 0.2089497298 0.844416022301 
1465137601949 1.72070622444 -1.3672978878 3.14182782173 0.507828772068 -0.67228603363 0.538647651672 0.695783853531 0.688767492771 0.20367616415 -0.50793170929 0.271349787712 0.817541837692 
1465137601979 2.36140179634 -1.86139392853 2.63078904152 0.466647624969 -0.661747992039 0.586795985699 0.720356523991 0.669314742088 0.181945770979 -0.513153493404 0.337797790766 0.789028644562 
1465137602002 2.48674297333 -1.86525034904 2.56609869003 0.402921676636 -0.685701906681 0.606190502644 0.75931084156 0.620228767395 0.196884050965 -0.510980606079 0.380958199501 0.770564556122 
1465137602029 2.79995393753 -1.43590283394 3.01575446129 0.336310148239 -0.686482429504 0.644699394703 0.795930862427 0.573105692863 0.195048078895 -0.503378033638 0.447539508343 0.739133834839 
1465137602060 3.28598594666 -2.07553434372 2.53614592552 0.276831537485 -0.67742562294 0.681511998177 0.829849004745 0.526118040085 0.185877069831 -0.484473705292 0.51409548521 0.707807183266 
1465137602090 3.20383810997 -2.4593398571 2.3330616951 0.247070327401 -0.648416161537 0.720078349113 0.854129254818 0.496679365635 0.154184564948 -0.457623779774 0.576945483685 0.676545917988 
1465137602112 3.1943526268 -2.57446908951 2.21180510521 0.204105660319 -0.635167479515 0.744918227196 0.875599563122 0.45874786377 0.151247352362 -0.437797039747 0.621379613876 0.649785399437 
1465137602140 3.73660802841 -3.36326003075 -0.441504597664 0.14173270762 -0.614781498909 0.775858044624 0.90378010273 0.400117099285 0.151947110891 -0.403848290443 0.679669141769 0.612336874008 
1465137602160 3.12237334251 -2.80140280724 -0.606798350811 0.0848060846329 -0.609786748886 0.788015186787 0.921068191528 0.349634766579 0.171431303024 -0.380054086447 0.711277425289 0.591306388378 
1465137602190 2.58126807213 -2.51354217529 -0.625523507595 0.0131971137598 -0.590656876564 0.806814908981 0.936595261097 0.289869010448 0.196888744831 -0.350164324045 0.753060638905 0.557031869888 
1465137602219 1.75880753994 -2.12687492371 -0.712861001492 -0.00325137213804 -0.544541716576 0.838727414608 0.94805264473 0.265120744705 0.175804167986 -0.318096756935 0.795729398727 0.515392243862 
1465137602240 1.22005343437 -1.37572193146 -1.03119623661 -0.0346121862531 -0.51802778244 0.854663252831 0.954584777355 0.23608070612 0.181751847267 -0.295921981335 0.822139322758 0.486330121756 
1465137602260 1.33200442791 -1.67737388611 -3.25817584991 -0.058369461447 -0.484594672918 0.872789144516 0.959707200527 0.213487342 0.182715862989 -0.274872601032 0.848287165165 0.452607929707 
1465137602290 0.839486837387 -0.122417882085 -1.3173238039 -0.144737258554 -0.459149509668 0.876488864422 0.95812523365 0.156158536673 0.240021929145 -0.247077196836 0.874526381493 0.417320787907 
1465137602319 -0.0921654254198 -1.36731922626 -0.131299689412 -0.225345954299 -0.44217184186 0.868160903454 0.950675845146 0.0951572209597 0.295229613781 -0.213153988123 0.891868293285 0.398918807507 
1465137602339 0.28476241231 -2.04099988937 -1.95749747753 -0.22297552228 -0.415240943432 0.881962001324 0.956837892532 0.0797675028443 0.279461205006 -0.186395615339 0.906207561493 0.379532039165 
1465137602369 0.657249748707 -2.00699734688 -3.69642782211 -0.228831484914 -0.362897247076 0.903294920921 0.961568415165 0.0603680312634 0.267846673727 -0.151730954647 0.929871678352 0.335136413574 
1465137602399 0.211027055979 -1.29684078693 -4.03663635254 -0.219056427479 -0.325331836939 0.919876933098 0.966008782387 0.0603164285421 0.251374155283 -0.137263700366 0.943674266338 0.301060676575 
1465137602410 -0.311916351318 -0.86497348547 -2.15677571297 -0.245880767703 -0.291306346655 0.924490869045 0.961088955402 0.0506137609482 0.271562874317 -0.125899940729 0.955289959908 0.267526328564 
1465137602441 -0.060625333339 -1.03199768066 -2.97624516487 -0.292169600725 -0.242925688624 0.924999535084 0.950674235821 0.0315986648202 0.308577716351 -0.104190193117 0.969530165195 0.221711009741 
1465137602460 0.0294778775424 -1.29216277599 -3.77030897141 -0.242028221488 -0.207043930888 0.947921514511 0.966488540173 0.0347166657448 0.254351615906 -0.0855706259608 0.977715492249 0.191703155637 
1465137602489 0.209941998124 -1.20300626755 -4.52467441559 -0.289654552937 -0.161266475916 0.943447589874 0.955217838287 0.0135895423591 0.295591115952 -0.0604899562895 0.986817240715 0.150108337402 
1465137602510 -0.0347552336752 -0.879385113716 -3.9423224926 -0.300514727831 -0.132003381848 0.944598376751 0.952569425106 0.00828633084893 0.304208636284 -0.0479838214815 0.991214632988 0.123252220452 
1465137602530 -0.328369796276 -0.553782165051 -2.32134270668 -0.315898269415 -0.106136798859 0.942837893963 0.947994828224 0.00544665008783 0.318239241838 -0.0389122068882 0.994336664677 0.0988965630531 
1465137602550 -0.441183000803 -0.339296549559 -1.83780157566 -0.349985569715 -0.0837446972728 0.933004200459 0.936276972294 0.00054551102221 0.3512622118 -0.0299253128469 0.996487140656 0.0782173126936 
1465137602579 -0.153307825327 -0.739010453224 -3.13682985306 -0.390476226807 -0.0524415224791 0.919118106365 0.920471072197 -0.00471202656627 0.390782177448 -0.0161623042077 0.998612880707 0.0501108430326 
1465137602600 0.175947740674 -0.643705308437 -3.55248498917 -0.378632634878 -0.0314750261605 0.925011694431 0.925503253937 -0.0031458446756 0.378726810217 -0.00901049375534 0.999499678612 0.0303213596344 
1465137602629 0.0734006091952 -0.834604918957 -2.83213186264 -0.361193031073 -0.00282812188379 0.932486772537 0.932480633259 0.00363498879597 0.361201673746 -0.00441110134125 0.999989390373 0.00132423639297 
1465137602659 -0.24606756866 -0.347319990396 -2.61523389816 -0.403353124857 0.0101264724508 0.914988398552 0.915012300014 0.0128427762538 0.403221547604 -0.00766777992249 0.999866247177 -0.0144460201263 
1465137602679 -0.317130833864 -0.38125616312 -1.8279747963 -0.418634474277 0.0108080878854 0.908090591431 0.90808224678 0.0176318697631 0.418420761824 -0.0114890038967 0.999786138535 -0.0171959400177 
1465137602700 -0.0334815979004 -0.269404381514 -1.48258435726 -0.463673591614 0.0053387559019 0.885990023613 0.88586807251 0.0204462204129 0.463486552238 -0.0156407039613 0.999776721001 -0.0142098059878 
1465137602729 0.217758595943 -0.516245663166 -1.84970366955 -0.472497880459 -0.0060667283833 0.881310880184 0.881050765514 0.0219981633127 0.47250983119 -0.0222538113594 0.999739587307 -0.00504899024963 
1465137602750 0.103506952524 -0.307987511158 -2.03935456276 -0.489104658365 -0.0176733937114 0.87204605341 0.871707260609 0.0245427452028 0.489412009716 -0.0300519745797 0.999542534351 0.00340205430984 
1465137602780 -0.0792474672198 0.259036421776 -0.791321218014 -0.509573996067 -0.0396453514695 0.859512984753 0.859153151512 0.0308899544179 0.510785460472 -0.046800583601 0.998736262321 0.0183207094669 
1465137602809 -0.0814826115966 0.774817109108 0.0720855817199 -0.523161530495 -0.0693052858114 0.849410831928 0.849643051624 0.0352373793721 0.526179611683 -0.0663980469108 0.996972978115 0.0404499135911 
1465137602839 -0.0706213489175 0.459633529186 1.02467107773 -0.533877253532 -0.105458199978 0.838959813118 0.841116905212 0.0353678762913 0.539695739746 -0.0865875706077 0.993794620037 0.0698205679655 
1465137602862 0.368900388479 0.104093410075 0.946185529232 -0.542377948761 -0.132347986102 0.829644501209 0.834141850471 0.0329048298299 0.550567209721 -0.10016579181 0.990656912327 0.0925501585007 
1465137602889 0.162764757872 0.574879348278 0.186599552631 -0.564129590988 -0.177827820182 0.806309580803 0.815913259983 0.0297448262572 0.577408790588 -0.126662880182 0.983612000942 0.128312125802 
1465137602911 -0.439213484526 1.10368287563 1.6189057827 -0.562924802303 -0.209267750382 0.799576461315 0.812586605549 0.0366820767522 0.581684887409 -0.151058033109 0.977170169353 0.149398952723 
1465137602939 -0.0565562583506 0.862028956413 2.46737146378 -0.557866930962 -0.254677683115 0.789888381958 0.808530986309 0.0479576438665 0.586496114731 -0.187248662114 0.965836107731 0.179160818458 
1465137602962 0.369917035103 0.39165070653 2.00164985657 -0.581637084484 -0.28955668211 0.760167896748 0.786201357841 0.0397341251373 0.616691589355 -0.208771765232 0.9563357234 0.204539015889 
1465137602989 0.0749439969659 0.162203371525 1.96974933147 -0.589994490147 -0.345967650414 0.729529201984 0.769109249115 0.0341595709324 0.638203859329 -0.245718285441 0.937624454498 0.24593295157 
1465137603020 -0.6264077425 2.46602249146 3.11208081245 -0.585604727268 -0.40223801136 0.703755378723 0.758314847946 0.0349027961493 0.650953412056 -0.286401301622 0.914869606495 0.284583866596 
1465137603040 -0.190026640892 2.52581429482 2.76247882843 -0.575243473053 -0.439573854208 0.689833164215 0.757241547108 0.0327353924513 0.652314066887 -0.309322178364 0.897609710693 0.314032763243 
1465137603070 -0.345119446516 1.58514976501 3.42191910744 -0.531557202339 -0.498963177204 0.68445789814 0.773662924767 0.0429437607527 0.632140338421 -0.344807982445 0.865558505058 0.363202273846 
1465137603090 -0.61905425787 0.836772322655 3.44495677948 -0.556195676327 -0.543634355068 0.628576278687 0.74365568161 0.0120601803064 0.668454110622 -0.370975315571 0.839235544205 0.397568911314 
1465137603119 -0.246421322227 1.1451792717 2.67792201042 -0.517887294292 -0.606697678566 0.60308432579 0.751393079758 0.0143677592278 0.659698486328 -0.408902466297 0.794802844524 0.448427498341 
1465137603142 -0.299641698599 0.77795279026 2.41186070442 -0.49413049221 -0.647121727467 0.580576002598 0.752876996994 0.0154346972704 0.657980322838 -0.434754371643 0.762230455875 0.479576289654 
1465137603169 -0.197206690907 0.0692193731666 2.34273004532 -0.426763445139 -0.703480541706 0.568320393562 0.769524514675 0.0476522147655 0.636836826801 -0.475084066391 0.709115147591 0.521009325981 
1465137603190 -0.344470113516 0.234404101968 1.69858455658 -0.391142070293 -0.741567790508 0.545055091381 0.771429181099 0.0588003247976 0.633592545986 -0.501901268959 0.668296098709 0.549067795277 
1465137603210 -0.444348067045 0.660100877285 0.958443641663 -0.363157361746 -0.777598559856 0.513280689716 0.769785642624 0.0599616318941 0.635479688644 -0.524925291538 0.625895321369 0.576808810234 
1465137603240 -1.39729607105 0.999016880989 2.26762986183 -0.291952461004 -0.822356402874 0.488358259201 0.777163267136 0.0936420708895 0.622292935848 -0.557477414608 0.561214029789 0.61176609993 
1465137603260 0.251371562481 -0.0583098605275 0.653370320797 -0.24296285212 -0.846957743168 0.472897171974 0.78093123436 0.118407815695 0.613291203976 -0.575426399708 0.518307089806 0.632646977901 
1465137603286 -0.141000822186 -0.0338899940252 0.00920212827623 -0.236739858985 -0.877150475979 0.417805492878 0.773671507835 0.0899246633053 0.627173006535 -0.587696075439 0.471720993519 0.657337486744 
